Readin in input.dat 
Nx = 64 , Ny = 32
 Uniform in x direction:0
 Uniform in y direction:0
(Only aplicable for Unif) Bounds for x direction: (0,1)
(Only aplicable for Unif) Bounds for y direction: (0,1)



 Field Details
dt=0.005
Re=100
 Simulation will be run for 1000 timesteps
 Print data at every  100 timesteps
 Dump tecplot files every 100 timesteps starting from n=0
 Fractional Step Mode :NonVanKan
Ad Diff Solver: kmax = 1000 till eps_ad=1e-07
 Pressure Solver Mode :1
Pressure Solver: kmax = 10000 till eps_pres=1e-07
Residual reported every = 8 iterations and overrelaxation factor is = 1.92
Left Face
Type? 1
 u vel=0 v vel=0

Right Face
Type? 1
 u vel=0 v vel=0

North Face
Type? 1
 u vel=1 v vel=0

South Face
Type? 1
 u vel=0 v vel=0

Field Initialization: u=0 v=0
Perturbation=0

 Body forces: X dir: 0 Y dir: 0

		~~~~~ STARTING SIMULATION~~~~

Smallest grid size is:0.00324565
CFL is:1.54052


 EAST FACE

  Wall BC

 ubctype = 1

 vbctype = 1


 WEST FACE

  Wall BC

 ubctype = 1

 vbctype = 1


 NORTH FACE

  Wall BC

 ubctype = 1

 vbctype = 1


 SOUTH FACE

  Wall BC

 ubctype = 1

 vbctype = 1


Prining tecplot files at n = 0


Prining tecplot files at n = 0


========================================
TIMESTEP NO. = 1
TIME = 0.01
========================================
--------------------------------------

Velocity Projection/Prediction

Iteration 	 Error
--------------------------------------
0	0.0169854
3	0.00130794
6	0.000122029
9	1.17278e-05
12	1.08825e-06
15	9.97156e-08
--------------------------------------


Mom Iteration count:15
Mom Error:9.97156e-08



Intermediate Mass total: 0.0938459
--------------------------------------

SOR - Pressure Solver

Overrelaxation factor = 1.92

Iteration 	 Error
--------------------------------------
8	4.45313
16	3.35219
24	2.67529
32	2.2547
40	1.94356
48	1.71605
56	1.53796
64	1.39271
72	1.26892
80	1.16247
88	1.0688
96	0.985245
104	0.910136
112	0.842223
120	0.780539
128	0.729041
136	0.658856
144	0.614914
152	0.582042
160	0.545653
168	0.504777
176	0.474682
184	0.444732
192	0.417505
200	0.391036
208	0.366438
216	0.34356
224	0.322364
232	0.302592
240	0.284206
248	0.267087
256	0.251141
264	0.236265
272	0.222379
280	0.209406
288	0.197275
296	0.184813
304	0.174748
312	0.165136
320	0.156012
328	0.147361
336	0.139153
344	0.131392
352	0.124096
360	0.117235
368	0.110105
376	0.10391
384	0.0984928
392	0.0935418
400	0.0885546
408	0.0837668
416	0.0792138
424	0.074946
432	0.070914
440	0.0670901
448	0.0634815
456	0.0600724
464	0.0568506
472	0.0538057
480	0.0507195
488	0.0481425
496	0.0456002
504	0.0432021
512	0.0409175
520	0.0387477
528	0.0366848
536	0.0347356
544	0.0328914
552	0.0311449
560	0.0294847
568	0.0279187
576	0.0264264
584	0.025046
592	0.0237213
600	0.0224617
608	0.0212724
616	0.0201471
624	0.0190815
632	0.0180719
640	0.0171161
648	0.016211
656	0.0153539
664	0.0145422
672	0.0137735
680	0.0130456
688	0.0123561
696	0.0117032
704	0.0110848
712	0.0101437
720	0.00979477
728	0.00917819
736	0.00881563
744	0.00843187
752	0.00805492
760	0.00764041
768	0.00723007
776	0.00685262
784	0.00649279
792	0.00614883
800	0.0058229
808	0.00551606
816	0.00522123
824	0.00493982
832	0.00468356
840	0.0044358
848	0.00420136
856	0.00397869
864	0.00376836
872	0.00356913
880	0.00338031
888	0.00320154
896	0.00303225
904	0.00287193
912	0.00272008
920	0.00257628
928	0.00244008
936	0.00231109
944	0.00218892
952	0.00207322
960	0.00196363
968	0.00185983
976	0.00176153
984	0.00166842
992	0.00158023
1000	0.0014967
1008	0.00141759
1016	0.00134266
1024	0.00127169
1032	0.00120447
1040	0.00114081
1048	0.00108051
1056	0.00102339
1064	0.000968487
1072	0.000905892
1080	0.000864814
1088	0.000789868
1096	0.000764051
1104	0.00072331
1112	0.00069095
1120	0.000663636
1128	0.000632494
1136	0.000600096
1144	0.000567942
1152	0.000538419
1160	0.000509971
1168	0.000482858
1176	0.000457222
1184	0.000432973
1192	0.00040999
1200	0.000387493
1208	0.000366001
1216	0.000346244
1224	0.000328935
1232	0.000312217
1240	0.000296014
1248	0.00028014
1256	0.000265373
1264	0.000251382
1272	0.000238076
1280	0.000225475
1288	0.000213549
1296	0.000202253
1304	0.000191554
1312	0.000181421
1320	0.000171825
1328	0.000162737
1336	0.00015413
1344	0.000145978
1352	0.000138258
1360	0.000130946
1368	0.000124021
1376	0.000117463
1384	0.000111251
1392	0.000105368
1400	9.97961e-05
1408	9.4519e-05
1416	8.95209e-05
1424	8.47872e-05
1432	8.03038e-05
1440	7.60575e-05
1448	7.20358e-05
1456	6.82267e-05
1464	6.46191e-05
1472	6.12022e-05
1480	5.7966e-05
1488	5.4901e-05
1496	5.1998e-05
1504	4.92485e-05
1512	4.66444e-05
1520	4.4178e-05
1528	4.1842e-05
1536	3.96295e-05
1544	3.7534e-05
1552	3.53599e-05
1560	3.32672e-05
1568	3.11077e-05
1576	2.97106e-05
1584	2.85302e-05
1592	2.71896e-05
1600	2.58112e-05
1608	2.43153e-05
1616	2.31484e-05
1624	2.17592e-05
1632	2.07195e-05
1640	1.96877e-05
1648	1.86577e-05
1656	1.76764e-05
1664	1.67347e-05
1672	1.58503e-05
1680	1.50125e-05
1688	1.42165e-05
1696	1.3463e-05
1704	1.27498e-05
1712	1.20744e-05
1720	1.14349e-05
1728	1.08294e-05
1736	1.02561e-05
1744	9.71318e-06
1752	9.19908e-06
1760	8.71226e-06
1768	8.25125e-06
1776	7.81467e-06
1784	7.40122e-06
1792	7.00968e-06
1800	6.63887e-06
1808	6.2877e-06
1816	5.95512e-06
1824	5.64014e-06
1832	5.34183e-06
1840	5.05931e-06
1848	4.68254e-06
1856	4.47462e-06
1864	4.25688e-06
1872	4.05734e-06
1880	3.85711e-06
1888	3.66222e-06
1896	3.41249e-06
1904	3.19887e-06
1912	2.91689e-06
1920	2.86314e-06
1928	2.70034e-06
1936	2.58145e-06
1944	2.38109e-06
1952	2.1948e-06
1960	2.18361e-06
1968	2.12314e-06
1976	1.94204e-06
1984	1.92909e-06
1992	1.81726e-06
2000	1.74248e-06
2008	1.67294e-06
2016	1.58946e-06
2024	1.50762e-06
2032	1.4269e-06
2040	1.35149e-06
2048	1.27977e-06
2056	1.21132e-06
2064	1.14663e-06
2072	1.08548e-06
2080	1.02762e-06
2088	9.72886e-07
2096	9.21114e-07
2104	8.72694e-07
2112	8.23779e-07
2120	7.81311e-07
2128	7.40368e-07
2136	7.01249e-07
2144	6.64192e-07
2152	6.28919e-07
2160	5.95617e-07
2168	5.64091e-07
2176	5.34206e-07
2184	5.05916e-07
2192	4.79131e-07
2200	4.53768e-07
2208	4.29751e-07
2216	4.07008e-07
2224	3.83201e-07
2232	3.59644e-07
2240	3.39199e-07
2248	3.24842e-07
2256	3.104e-07
2264	2.90577e-07
2272	2.75795e-07
2280	2.6091e-07
2288	2.47323e-07
2296	2.37227e-07
2304	2.25823e-07
2312	2.14256e-07
2320	2.02839e-07
2328	1.92136e-07
2336	1.82027e-07
2344	1.72376e-07
2352	1.63224e-07
2360	1.54566e-07
2368	1.46367e-07
2376	1.38604e-07
2384	1.31255e-07
2392	1.24298e-07
2400	1.17711e-07
2408	1.11475e-07
2416	1.05571e-07
2424	9.9981e-08
--------------------------------------


Pressure Iteration count:2424
Pressure Error:9.9981e-08
Mass total after correction = 4.99905e-10
========================================


========================================
TIMESTEP NO. = 2
TIME = 0.015
========================================
--------------------------------------

Velocity Projection/Prediction

Iteration 	 Error
--------------------------------------
0	0.143611
3	0.00195813
6	0.00012769
9	1.2584e-05
12	1.19379e-06
15	1.09854e-07
18	1.00101e-08
--------------------------------------


Mom Iteration count:18
Mom Error:1.00101e-08



Intermediate Mass total: 0.10237
--------------------------------------

SOR - Pressure Solver

Overrelaxation factor = 1.92

Iteration 	 Error
--------------------------------------
8	0.430144
16	0.128924
24	0.0894893
32	0.0707148
40	0.0597919
48	0.0511638
56	0.0467811
64	0.0428767
72	0.0390601
80	0.0359453
88	0.0332301
96	0.0307844
104	0.0285657
112	0.0265454
120	0.024692
128	0.0229903
136	0.0214256
144	0.0199846
152	0.0186561
160	0.0174302
168	0.0162977
176	0.0152505
184	0.0142811
192	0.0133081
200	0.0123859
208	0.0117377
216	0.0110652
224	0.0104126
232	0.00979782
240	0.00921326
248	0.00867126
256	0.00816604
264	0.00768956
272	0.00724479
280	0.00682856
288	0.00643856
296	0.00607292
304	0.00572991
312	0.00540792
320	0.00510548
328	0.00482122
336	0.0044358
344	0.00423765
352	0.00400824
360	0.0038297
368	0.00363744
376	0.00349096
384	0.00310702
392	0.00290345
400	0.00280213
408	0.00272407
416	0.00262659
424	0.00250084
432	0.00237138
440	0.00224441
448	0.00212493
456	0.00201144
464	0.00190323
472	0.00180085
480	0.00170418
488	0.0016128
496	0.00152643
504	0.00144481
512	0.00136766
520	0.00129473
528	0.00122576
536	0.00116053
544	0.00109883
552	0.000993852
560	0.000965342
568	0.000923469
576	0.000882181
584	0.000840356
592	0.000785689
600	0.000738368
608	0.00071027
616	0.000676315
624	0.00063107
632	0.000600244
640	0.000571441
648	0.000546458
656	0.000518997
664	0.000492154
672	0.000465887
680	0.000441007
688	0.000417876
696	0.00039578
704	0.000374797
712	0.000354929
720	0.000335898
728	0.000318301
736	0.000301435
744	0.000285471
752	0.000270356
760	0.000256067
768	0.000242502
776	0.000229676
784	0.000217534
792	0.000206026
800	0.000195132
808	0.000184815
816	0.000175044
824	0.000165791
832	0.000157028
840	0.000148728
848	0.000140867
856	0.000133422
864	0.000126371
872	0.000119693
880	0.000113367
888	0.000107376
896	0.000101702
904	9.63269e-05
912	9.12363e-05
920	8.55162e-05
928	8.1311e-05
936	7.42934e-05
944	6.88349e-05
952	6.69621e-05
960	6.29338e-05
968	5.85593e-05
976	5.73321e-05
984	5.48757e-05
992	5.12897e-05
1000	4.99333e-05
1008	4.82771e-05
1016	4.67273e-05
1024	4.46167e-05
1032	4.23596e-05
1040	4.01313e-05
1048	3.8028e-05
1056	3.60117e-05
1064	3.40786e-05
1072	3.22524e-05
1080	3.04282e-05
1088	2.8841e-05
1096	2.7324e-05
1104	2.58845e-05
1112	2.45157e-05
1120	2.32162e-05
1128	2.19787e-05
1136	2.08098e-05
1144	1.97041e-05
1152	1.83847e-05
1160	1.69489e-05
1168	1.59491e-05
1176	1.49695e-05
1184	1.44901e-05
1192	1.38922e-05
1200	1.3416e-05
1208	1.28742e-05
1216	1.22415e-05
1224	1.16163e-05
1232	1.10019e-05
1240	1.04244e-05
1248	9.87328e-06
1256	9.26289e-06
1264	8.63781e-06
1272	8.24668e-06
1280	7.92026e-06
1288	7.54287e-06
1296	7.14635e-06
1304	6.39096e-06
1312	6.04433e-06
1320	5.85341e-06
1328	5.57933e-06
1336	5.42442e-06
1344	5.20894e-06
1352	4.95648e-06
1360	4.69484e-06
1368	4.44692e-06
1376	4.21355e-06
1384	3.99001e-06
1392	3.77683e-06
1400	3.57545e-06
1408	3.38493e-06
1416	3.20463e-06
1424	3.03406e-06
1432	2.8727e-06
1440	2.72003e-06
1448	2.57557e-06
1456	2.43886e-06
1464	2.30947e-06
1472	2.187e-06
1480	2.07107e-06
1488	1.96132e-06
1496	1.85742e-06
1504	1.75905e-06
1512	1.6659e-06
1520	1.57771e-06
1528	1.4942e-06
1536	1.41512e-06
1544	1.31886e-06
1552	1.25637e-06
1560	1.18276e-06
1568	1.13548e-06
1576	1.07828e-06
1584	1.02461e-06
1592	9.70348e-07
1600	9.1984e-07
1608	8.71244e-07
1616	8.2508e-07
1624	7.81245e-07
1632	7.40295e-07
1640	7.01054e-07
1648	6.63847e-07
1656	6.28696e-07
1664	5.95421e-07
1672	5.6295e-07
1680	5.32882e-07
1688	5.04319e-07
1696	4.78873e-07
1704	4.53729e-07
1712	4.29786e-07
1720	4.07053e-07
1728	3.85566e-07
1736	3.65194e-07
1744	3.4588e-07
1752	3.2759e-07
1760	3.10266e-07
1768	2.84922e-07
1776	2.74514e-07
1784	2.60688e-07
1792	2.49025e-07
1800	2.37039e-07
1808	2.23004e-07
1816	2.08204e-07
1824	1.98527e-07
1832	1.83764e-07
1840	1.78738e-07
1848	1.68436e-07
1856	1.59212e-07
1864	1.51486e-07
1872	1.44386e-07
1880	1.38759e-07
1888	1.33046e-07
1896	1.26331e-07
1904	1.19725e-07
1912	1.1334e-07
1920	1.07089e-07
1928	1.01534e-07
1936	9.62134e-08
--------------------------------------


Pressure Iteration count:1936
Pressure Error:9.62134e-08
Mass total after correction = 4.81067e-10
========================================


========================================
TIMESTEP NO. = 3
TIME = 0.02
========================================
--------------------------------------

Velocity Projection/Prediction

Iteration 	 Error
--------------------------------------
0	0.0146653
3	0.00128885
6	0.0001282
9	1.24763e-05
12	1.16162e-06
15	1.06523e-07
18	9.71426e-09
--------------------------------------


Mom Iteration count:18
Mom Error:9.71426e-09



Intermediate Mass total: 0.100539
--------------------------------------

SOR - Pressure Solver

Overrelaxation factor = 1.92

Iteration 	 Error
--------------------------------------
8	0.515231
16	0.360337
24	0.290554
32	0.244294
40	0.212251
48	0.1883
56	0.169488
64	0.153065
72	0.138564
80	0.128365
88	0.118394
96	0.109249
104	0.100969
112	0.0934816
120	0.0866819
128	0.0804964
136	0.0748293
144	0.0696467
152	0.0648949
160	0.0605293
168	0.0565119
176	0.0519788
184	0.0497363
192	0.0424441
200	0.042756
208	0.0366859
216	0.0355683
224	0.0344648
232	0.0331437
240	0.032007
248	0.0304399
256	0.0282551
264	0.026375
272	0.0250285
280	0.0238836
288	0.0227039
296	0.0214373
304	0.0202139
312	0.0190646
320	0.0179865
328	0.0169699
336	0.0160133
344	0.0151154
352	0.0142717
360	0.0134784
368	0.0127323
376	0.0120302
384	0.0113692
392	0.0107466
400	0.0101599
408	0.00960685
416	0.00908522
424	0.00859309
432	0.00812863
440	0.00769017
448	0.00727612
456	0.00688502
464	0.00651553
472	0.00616636
480	0.00583634
488	0.00552436
496	0.00522937
504	0.00495042
512	0.0046866
520	0.00443704
528	0.00420091
536	0.00397759
544	0.00370006
552	0.00353611
560	0.00333196
568	0.00317831
576	0.00302726
584	0.00287469
592	0.00272309
600	0.00257823
608	0.00244247
616	0.00231121
624	0.00218933
632	0.00207451
640	0.00196502
648	0.00186152
656	0.00176341
664	0.00166999
672	0.00158164
680	0.00149798
688	0.00141875
696	0.0013437
704	0.00127264
712	0.00120536
720	0.00113472
728	0.00107864
736	0.00102419
744	0.000970694
752	0.000919676
760	0.000870886
768	0.000824943
776	0.000781432
784	0.000740078
792	0.000700947
800	0.000663895
808	0.000628801
816	0.000595563
824	0.000564083
832	0.000534269
840	0.000506033
848	0.000479289
856	0.000453959
864	0.00042555
872	0.000396857
880	0.000380138
888	0.000364526
896	0.000345058
904	0.000322796
912	0.000307698
920	0.000294594
928	0.000280875
936	0.000266538
944	0.000252274
952	0.000238964
960	0.000226373
968	0.000214357
976	0.000202974
984	0.000192206
992	0.000182011
1000	0.000172359
1008	0.000163223
1016	0.000154574
1024	0.000146386
1032	0.000138634
1040	0.000131295
1048	0.000118676
1056	0.000114308
1064	0.000109985
1072	0.000105547
1080	0.000100538
1088	9.5437e-05
1096	9.04099e-05
1104	8.56297e-05
1112	8.11183e-05
1120	7.68131e-05
1128	7.21299e-05
1136	6.84292e-05
1144	6.48387e-05
1152	6.16705e-05
1160	5.85339e-05
1168	5.546e-05
1176	5.25163e-05
1184	4.96202e-05
1192	4.69647e-05
1200	4.44686e-05
1208	4.22134e-05
1216	3.94415e-05
1224	3.74438e-05
1232	3.57221e-05
1240	3.40021e-05
1248	3.22223e-05
1256	3.05618e-05
1264	2.89564e-05
1272	2.74546e-05
1280	2.60282e-05
1288	2.46602e-05
1296	2.33516e-05
1304	2.2115e-05
1312	2.09442e-05
1320	1.98343e-05
1328	1.87832e-05
1336	1.77881e-05
1344	1.68459e-05
1352	1.59538e-05
1360	1.51091e-05
1368	1.43092e-05
1376	1.35518e-05
1384	1.28346e-05
1392	1.21554e-05
1400	1.15123e-05
1408	1.09032e-05
1416	1.03264e-05
1424	9.78014e-06
1432	9.26281e-06
1440	8.77287e-06
1448	8.30886e-06
1456	7.8696e-06
1464	7.35567e-06
1472	6.9484e-06
1480	6.66095e-06
1488	6.19881e-06
1496	5.88638e-06
1504	5.64459e-06
1512	5.40579e-06
1520	5.14236e-06
1528	4.87555e-06
1536	4.61453e-06
1544	4.26326e-06
1552	4.09651e-06
1560	3.87391e-06
1568	3.69698e-06
1576	3.51847e-06
1584	3.33746e-06
1592	3.1629e-06
1600	2.9947e-06
1608	2.83635e-06
1616	2.68633e-06
1624	2.54372e-06
1632	2.40876e-06
1640	2.28099e-06
1648	2.15941e-06
1656	2.0448e-06
1664	1.93584e-06
1672	1.83451e-06
1680	1.73739e-06
1688	1.64515e-06
1696	1.55782e-06
1704	1.47534e-06
1712	1.39803e-06
1720	1.3237e-06
1728	1.25362e-06
1736	1.18731e-06
1744	1.12452e-06
1752	1.06503e-06
1760	1.00869e-06
1768	9.5534e-07
1776	9.04811e-07
1784	8.56955e-07
1792	8.11632e-07
1800	7.68707e-07
1808	7.28054e-07
1816	6.89551e-07
1824	6.53085e-07
1832	6.18548e-07
1840	5.85837e-07
1848	5.54857e-07
1856	5.25516e-07
1864	4.97726e-07
1872	4.59831e-07
1880	4.34802e-07
1888	4.16802e-07
1896	3.98748e-07
1904	3.80551e-07
1912	3.60992e-07
1920	3.39896e-07
1928	3.2009e-07
1936	3.04915e-07
1944	2.89467e-07
1952	2.76565e-07
1960	2.60963e-07
1968	2.47881e-07
1976	2.35078e-07
1984	2.22778e-07
1992	2.10949e-07
2000	1.99776e-07
2008	1.892e-07
2016	1.79167e-07
2024	1.69666e-07
2032	1.60672e-07
2040	1.52156e-07
2048	1.44084e-07
2056	1.36459e-07
2064	1.29233e-07
2072	1.2239e-07
2080	1.15911e-07
2088	1.09776e-07
2096	1.03966e-07
2104	9.84641e-08
--------------------------------------


Pressure Iteration count:2104
Pressure Error:9.84641e-08
Mass total after correction = 4.9232e-10
========================================


========================================
TIMESTEP NO. = 4
TIME = 0.025
========================================
--------------------------------------

Velocity Projection/Prediction

Iteration 	 Error
--------------------------------------
0	0.0144726
3	0.00128766
6	0.000125066
9	1.18815e-05
12	1.08777e-06
15	1.06546e-07
18	9.96611e-09
--------------------------------------


Mom Iteration count:18
Mom Error:9.96611e-09



Intermediate Mass total: 0.100879
--------------------------------------

SOR - Pressure Solver

Overrelaxation factor = 1.92

Iteration 	 Error
--------------------------------------
8	0.219918
16	0.149146
24	0.110674
32	0.0898961
40	0.075864
48	0.065836
56	0.0581956
64	0.0519887
72	0.0469435
80	0.0426273
88	0.0388949
96	0.0356186
104	0.0327157
112	0.0301229
120	0.0277938
128	0.0256918
136	0.0237874
144	0.0220566
152	0.0204792
160	0.0185176
168	0.0171444
176	0.0165093
184	0.0154555
192	0.0144649
200	0.0135343
208	0.0126572
216	0.0118425
224	0.0110918
232	0.0103937
240	0.00974698
248	0.00914501
256	0.00858639
264	0.00806665
272	0.0075825
280	0.00713124
288	0.00671021
296	0.00631701
304	0.00594946
312	0.0055298
320	0.0052558
328	0.00496775
336	0.00469551
344	0.00443556
352	0.00418795
360	0.00395382
368	0.0037338
376	0.00352682
384	0.00333191
392	0.00314833
400	0.00297543
408	0.00281251
416	0.00265894
424	0.0025138
432	0.00237344
440	0.00223393
448	0.00205198
456	0.00197602
464	0.0018725
472	0.00178989
480	0.00171158
488	0.00162228
496	0.00153587
504	0.00145461
512	0.00137408
520	0.00128822
528	0.00122106
536	0.00116776
544	0.00110788
552	0.00105064
560	0.000994119
568	0.000941517
576	0.000891682
584	0.000844246
592	0.000799352
600	0.000756891
608	0.0007167
616	0.000678657
624	0.000642652
632	0.000608574
640	0.000576317
648	0.000545782
656	0.000516875
664	0.000489508
672	0.000463597
680	0.000439064
688	0.000415834
696	0.000393837
704	0.000373008
712	0.000353283
720	0.000334604
728	0.000316915
736	0.000300162
744	0.000284297
752	0.000269271
760	0.00025504
768	0.000241562
776	0.000228797
784	0.000216707
792	0.000205256
800	0.000194411
808	0.000184139
816	0.000174409
824	0.000165194
832	0.000156466
840	0.000148199
848	0.000140369
856	0.000132952
864	0.000125928
872	0.000119274
880	0.000112972
888	0.000107003
896	0.000101349
904	9.32974e-05
912	8.81009e-05
920	8.41449e-05
928	8.06966e-05
936	7.75992e-05
944	7.36797e-05
952	6.9869e-05
960	6.6206e-05
968	6.27253e-05
976	5.9414e-05
984	5.62607e-05
992	5.24659e-05
1000	4.99198e-05
1008	4.75481e-05
1016	4.52718e-05
1024	4.29728e-05
1032	4.07259e-05
1040	3.85585e-05
1048	3.65184e-05
1056	3.45905e-05
1064	3.27546e-05
1072	3.10174e-05
1080	2.93733e-05
1088	2.78167e-05
1096	2.6343e-05
1104	2.49477e-05
1112	2.36266e-05
1120	2.23758e-05
1128	2.11912e-05
1136	2.0056e-05
1144	1.89651e-05
1152	1.79934e-05
1160	1.70489e-05
1168	1.6153e-05
1176	1.52955e-05
1184	1.44877e-05
1192	1.37219e-05
1200	1.29965e-05
1208	1.23092e-05
1216	1.16584e-05
1224	1.10419e-05
1232	1.0458e-05
1240	9.75683e-06
1248	9.10701e-06
1256	8.08896e-06
1264	8.14048e-06
1272	7.82539e-06
1280	7.57842e-06
1288	7.23021e-06
1296	6.85598e-06
1304	6.30364e-06
1312	6.07143e-06
1320	5.79454e-06
1328	5.5156e-06
1336	5.2517e-06
1344	4.98175e-06
1352	4.71388e-06
1360	4.43737e-06
1368	4.19098e-06
1376	3.99e-06
1384	3.79065e-06
1392	3.59455e-06
1400	3.40586e-06
1408	3.2242e-06
1416	3.05332e-06
1424	2.89172e-06
1432	2.73806e-06
1440	2.59272e-06
1448	2.45519e-06
1456	2.32495e-06
1464	2.20174e-06
1472	2.08506e-06
1480	1.9746e-06
1488	1.87002e-06
1496	1.771e-06
1504	1.67723e-06
1512	1.58846e-06
1520	1.5044e-06
1528	1.42479e-06
1536	1.3494e-06
1544	1.27801e-06
1552	1.21039e-06
1560	1.14637e-06
1568	1.08573e-06
1576	1.0283e-06
1584	9.73909e-07
1592	9.224e-07
1600	8.73616e-07
1608	8.27413e-07
1616	7.83655e-07
1624	7.42212e-07
1632	7.02961e-07
1640	6.65787e-07
1648	6.30579e-07
1656	5.97233e-07
1664	5.65651e-07
1672	5.3574e-07
1680	5.0741e-07
1688	4.77364e-07
1696	4.47199e-07
1704	4.24583e-07
1712	4.06831e-07
1720	3.87874e-07
1728	3.68091e-07
1736	3.48277e-07
1744	3.29972e-07
1752	3.10455e-07
1760	2.91337e-07
1768	2.77516e-07
1776	2.64288e-07
1784	2.51961e-07
1792	2.39133e-07
1800	2.26373e-07
1808	2.14447e-07
1816	2.03169e-07
1824	1.92412e-07
1832	1.82209e-07
1840	1.72553e-07
1848	1.63411e-07
1856	1.54752e-07
1864	1.46554e-07
1872	1.38792e-07
1880	1.31442e-07
1888	1.24483e-07
1896	1.17894e-07
1904	1.11674e-07
1912	1.05649e-07
1920	1.00077e-07
1928	9.48446e-08
--------------------------------------


Pressure Iteration count:1928
Pressure Error:9.48446e-08
Mass total after correction = 4.74223e-10
========================================


========================================
TIMESTEP NO. = 5
TIME = 0.03
========================================
--------------------------------------

Velocity Projection/Prediction

Iteration 	 Error
--------------------------------------
0	0.014432
3	0.00127172
6	0.000129882
9	1.30503e-05
12	1.20771e-06
15	0.0017878
18	4.85671e-07
21	1.05236e-09
--------------------------------------


Mom Iteration count:21
Mom Error:1.05236e-09



Intermediate Mass total: 0.101373
--------------------------------------

SOR - Pressure Solver

Overrelaxation factor = 1.92

Iteration 	 Error
--------------------------------------
8	0.109662
16	0.0935375
24	0.0785065
32	0.0681058
40	0.0601921
48	0.0541662
56	0.0491665
64	0.0447695
72	0.041034
80	0.0376874
88	0.0338262
96	0.0311942
104	0.0294154
112	0.0274585
120	0.0255892
128	0.0238178
136	0.0221788
144	0.0206736
152	0.0192891
160	0.0180099
168	0.0168309
176	0.0157426
184	0.014737
192	0.0138052
200	0.0129425
208	0.0121419
216	0.0113982
224	0.0107065
232	0.0100625
240	0.00946242
248	0.00890255
256	0.00837983
264	0.00789127
272	0.00743429
280	0.00700651
288	0.0066057
296	0.00623
304	0.0058775
312	0.00554659
320	0.00523576
328	0.00494362
336	0.0046689
344	0.00441043
352	0.00416713
360	0.00393801
368	0.00372216
376	0.00351872
384	0.00332691
392	0.00314601
400	0.00297533
408	0.00281426
416	0.00266222
424	0.00251864
432	0.00239556
440	0.00224233
448	0.00212573
456	0.00201728
464	0.00191408
472	0.00181356
480	0.00171562
488	0.00162443
496	0.00151765
504	0.00143859
512	0.00134772
520	0.00129329
528	0.00123317
536	0.00117415
544	0.00111302
552	0.00105347
560	0.000998222
568	0.000945619
576	0.000895454
584	0.000847932
592	0.000802962
600	0.000760371
608	0.000720348
616	0.000681977
624	0.000644949
632	0.000611143
640	0.000579057
648	0.000548575
656	0.00051953
664	0.000492054
672	0.000466054
680	0.000441394
688	0.000418047
696	0.000395938
704	0.000375002
712	0.000355173
720	0.000336395
728	0.000318612
736	0.000301769
744	0.000285819
752	0.000270712
760	0.000256404
768	0.000242853
776	0.000229743
784	0.0002172
792	0.000206021
800	0.00019539
808	0.000185146
816	0.000175442
824	0.000166196
832	0.000157412
840	0.000149095
848	0.000141611
856	0.000129899
864	0.000124122
872	0.000118398
880	0.000113187
888	0.000108037
896	0.000100174
904	9.513e-05
912	9.0544e-05
920	8.65676e-05
928	8.21335e-05
936	7.77414e-05
944	7.37453e-05
952	7.0189e-05
960	6.66984e-05
968	6.32412e-05
976	5.98626e-05
984	5.67054e-05
992	5.37101e-05
1000	5.08633e-05
1008	4.8166e-05
1016	4.56137e-05
1024	4.31969e-05
1032	4.09085e-05
1040	3.87419e-05
1048	3.66905e-05
1056	3.47481e-05
1064	3.2909e-05
1072	3.11674e-05
1080	2.95183e-05
1088	2.79566e-05
1096	2.64776e-05
1104	2.50771e-05
1112	2.37507e-05
1120	2.24946e-05
1128	2.1305e-05
1136	2.01783e-05
1144	1.91113e-05
1152	1.81007e-05
1160	1.71436e-05
1168	1.62371e-05
1176	1.53786e-05
1184	1.45654e-05
1192	1.38004e-05
1200	1.30633e-05
1208	1.23703e-05
1216	1.17201e-05
1224	1.11023e-05
1232	1.03163e-05
1240	9.84521e-06
1248	9.28938e-06
1256	8.86534e-06
1264	8.45892e-06
1272	8.01505e-06
1280	7.59431e-06
1288	7.20682e-06
1296	6.83946e-06
1304	6.48531e-06
1312	6.14592e-06
1320	5.81537e-06
1328	5.39404e-06
1336	5.08788e-06
1344	4.8876e-06
1352	4.66646e-06
1360	4.45041e-06
1368	4.19399e-06
1376	3.95266e-06
1384	3.75804e-06
1392	3.44439e-06
1400	3.38747e-06
1408	3.2124e-06
1416	3.0492e-06
1424	2.89531e-06
1432	2.68394e-06
1440	2.54989e-06
1448	2.41766e-06
1456	2.31705e-06
1464	2.21527e-06
1472	2.10173e-06
1480	1.99055e-06
1488	1.88538e-06
1496	1.78634e-06
1504	1.68738e-06
1512	1.59542e-06
1520	1.51373e-06
1528	1.42469e-06
1536	1.35666e-06
1544	1.28848e-06
1552	1.22231e-06
1560	1.15797e-06
1568	1.09631e-06
1576	1.03842e-06
1584	9.83514e-07
1592	9.31355e-07
1600	8.81902e-07
1608	8.32803e-07
1616	7.88744e-07
1624	7.48434e-07
1632	7.0992e-07
1640	6.72588e-07
1648	6.37003e-07
1656	6.03331e-07
1664	5.71424e-07
1672	5.41184e-07
1680	5.12532e-07
1688	4.85401e-07
1696	4.59707e-07
1704	4.35375e-07
1712	4.12333e-07
1720	3.90513e-07
1728	3.65964e-07
1736	3.44492e-07
1744	3.244e-07
1752	3.08433e-07
1760	2.96231e-07
1768	2.84363e-07
1776	2.6801e-07
1784	2.53527e-07
1792	2.40729e-07
1800	2.27031e-07
1808	2.13421e-07
1816	1.93462e-07
1824	1.85391e-07
1832	1.77367e-07
1840	1.71633e-07
1848	1.65025e-07
1856	1.57401e-07
1864	1.49455e-07
1872	1.33282e-07
1880	1.3151e-07
1888	1.25587e-07
1896	1.2011e-07
1904	1.14423e-07
1912	1.08594e-07
1920	1.02828e-07
1928	9.73744e-08
--------------------------------------


Pressure Iteration count:1928
Pressure Error:9.73744e-08
Mass total after correction = 4.86872e-10
========================================


========================================
TIMESTEP NO. = 6
TIME = 0.035
========================================
--------------------------------------

Velocity Projection/Prediction

Iteration 	 Error
--------------------------------------
0	0.0143535
3	0.00127557
6	0.000122585
9	1.1579e-05
12	1.06622e-06
15	9.73222e-08
--------------------------------------


Mom Iteration count:15
Mom Error:9.73222e-08



Intermediate Mass total: 0.100937
--------------------------------------

SOR - Pressure Solver

Overrelaxation factor = 1.92

Iteration 	 Error
--------------------------------------
8	0.149442
16	0.102895
24	0.0767838
32	0.0620543
40	0.0524124
48	0.0455449
56	0.0402686
64	0.0359826
72	0.0324667
80	0.0294644
88	0.0268689
96	0.0245947
104	0.0225831
112	0.0207893
120	0.0191804
128	0.0177302
136	0.0164175
144	0.0152253
152	0.0141393
160	0.0131473
168	0.0122393
176	0.0114063
184	0.0106407
192	0.00993599
200	0.00928617
208	0.00868612
216	0.00813126
224	0.00761752
232	0.00714127
240	0.00669925
248	0.00628854
256	0.00590651
264	0.0055508
272	0.00521926
280	0.00490996
288	0.00462228
296	0.00428244
304	0.00394181
312	0.00372562
320	0.00362328
328	0.00344591
336	0.00326959
344	0.00308743
352	0.00291497
360	0.00275319
368	0.00260019
376	0.00245513
384	0.00231883
392	0.00219055
400	0.00206976
408	0.001956
416	0.00184465
424	0.00171054
432	0.00162842
440	0.00156131
448	0.00148376
456	0.00137948
464	0.00130269
472	0.0012333
480	0.00118453
488	0.00113099
496	0.0010731
504	0.00101469
512	0.000960209
520	0.000909234
528	0.000860628
536	0.000814422
544	0.00077085
552	0.000729659
560	0.000690698
568	0.000653856
576	0.000619014
584	0.000586059
592	0.000554883
600	0.000525388
608	0.000497478
616	0.000471067
624	0.000446072
632	0.000422414
640	0.00040002
648	0.000378821
656	0.000358753
664	0.000339754
672	0.000321765
680	0.000304733
688	0.000288607
696	0.000273336
704	0.000258876
712	0.000245183
720	0.000232217
728	0.000219937
736	0.000208308
744	0.000197295
752	0.000186865
760	0.000176987
768	0.000167632
776	0.000158772
784	0.00015038
792	0.000139477
800	0.0001319
808	0.000126533
816	0.000120364
824	0.000114943
832	0.000109121
840	0.00010322
848	9.75588e-05
856	9.15265e-05
864	8.67888e-05
872	8.27933e-05
880	7.87333e-05
888	7.47624e-05
896	7.07757e-05
904	6.70303e-05
912	6.34961e-05
920	6.0144e-05
928	5.69558e-05
936	5.39398e-05
944	5.10838e-05
952	4.8379e-05
960	4.58179e-05
968	4.33928e-05
976	4.10953e-05
984	3.89178e-05
992	3.68467e-05
1000	3.49082e-05
1008	3.30673e-05
1016	3.13223e-05
1024	2.96616e-05
1032	2.8094e-05
1040	2.6609e-05
1048	2.52022e-05
1056	2.38696e-05
1064	2.26077e-05
1072	2.14125e-05
1080	2.02805e-05
1088	1.92083e-05
1096	1.81928e-05
1104	1.7231e-05
1112	1.63201e-05
1120	1.54573e-05
1128	1.42419e-05
1136	1.36555e-05
1144	1.29595e-05
1152	1.24186e-05
1160	1.18032e-05
1168	1.12026e-05
1176	1.06042e-05
1184	1.00452e-05
1192	9.51599e-06
1200	9.01256e-06
1208	8.53499e-06
1216	8.08309e-06
1224	7.65508e-06
1232	7.24973e-06
1240	6.8659e-06
1248	6.50246e-06
1256	6.15831e-06
1264	5.83242e-06
1272	5.52381e-06
1280	5.23156e-06
1288	4.9548e-06
1296	4.6927e-06
1304	4.44448e-06
1312	4.2094e-06
1320	3.98677e-06
1328	3.77592e-06
1336	3.57623e-06
1344	3.38711e-06
1352	3.20799e-06
1360	3.03834e-06
1368	2.87767e-06
1376	2.7255e-06
1384	2.58138e-06
1392	2.44488e-06
1400	2.3156e-06
1408	2.19316e-06
1416	2.07719e-06
1424	1.96735e-06
1432	1.86333e-06
1440	1.7648e-06
1448	1.67148e-06
1456	1.5831e-06
1464	1.49939e-06
1472	1.42011e-06
1480	1.34502e-06
1488	1.26199e-06
1496	1.18467e-06
1504	1.13309e-06
1512	1.07996e-06
1520	1.00621e-06
1528	9.56677e-07
1536	9.12007e-07
1544	8.69934e-07
1552	8.29057e-07
1560	7.87605e-07
1568	7.45956e-07
1576	7.06409e-07
1584	6.6913e-07
1592	6.33786e-07
1600	6.00126e-07
1608	5.68287e-07
1616	5.33595e-07
1624	5.08952e-07
1632	4.82236e-07
1640	4.56968e-07
1648	4.32859e-07
1656	4.1e-07
1664	3.88287e-07
1672	3.67733e-07
1680	3.48267e-07
1688	3.29838e-07
1696	3.1238e-07
1704	2.95849e-07
1712	2.80193e-07
1720	2.65367e-07
1728	2.51327e-07
1736	2.38031e-07
1744	2.25439e-07
1752	2.13514e-07
1760	2.0222e-07
1768	1.91524e-07
1776	1.81394e-07
1784	1.718e-07
1792	1.62714e-07
1800	1.50964e-07
1808	1.43453e-07
1816	1.36647e-07
1824	1.30452e-07
1832	1.24272e-07
1840	1.17876e-07
1848	1.11589e-07
1856	1.05683e-07
1864	1.00149e-07
1872	9.48479e-08
--------------------------------------


Pressure Iteration count:1872
Pressure Error:9.48479e-08
Mass total after correction = 4.74239e-10
========================================


========================================
TIMESTEP NO. = 7
TIME = 0.04
========================================
--------------------------------------

Velocity Projection/Prediction

Iteration 	 Error
--------------------------------------
0	0.0143552
3	0.00128344
6	0.000122649
9	1.1588e-05
12	1.06551e-06
15	9.72399e-08
--------------------------------------


Mom Iteration count:15
Mom Error:9.72399e-08



Intermediate Mass total: 0.101483
--------------------------------------

SOR - Pressure Solver

Overrelaxation factor = 1.92

Iteration 	 Error
--------------------------------------
8	0.0509735
16	0.0501817
24	0.0423425
32	0.0369993
40	0.0328383
48	0.0295782
56	0.0268246
64	0.0244288
72	0.0223663
80	0.0205171
88	0.0188853
96	0.0174257
104	0.0161139
112	0.0149277
120	0.0136829
128	0.0126727
136	0.01188
144	0.0111597
152	0.0104415
160	0.00976143
168	0.00902295
176	0.00817255
184	0.00771912
192	0.00739973
200	0.00703165
208	0.00664619
216	0.00624595
224	0.00586997
232	0.00552053
240	0.00519301
248	0.00488431
256	0.0045965
264	0.00432773
272	0.00407616
280	0.00380801
288	0.00361034
296	0.00340615
304	0.00321711
312	0.00304036
320	0.00287117
328	0.00271069
336	0.00255977
344	0.00241775
352	0.00228409
360	0.00215814
368	0.00203952
376	0.00192776
384	0.00182242
392	0.00172309
400	0.00162941
408	0.00154103
416	0.00145761
424	0.00135001
432	0.00125666
440	0.00120281
448	0.00110188
456	0.00107744
464	0.00103882
472	0.000999179
480	0.000952024
488	0.000902255
496	0.000854825
504	0.000809622
512	0.000766466
520	0.000725365
528	0.000686516
536	0.000650003
544	0.000614697
552	0.000580558
560	0.000551067
568	0.000521721
576	0.000493967
584	0.000467615
592	0.000442797
600	0.000419299
608	0.000397022
616	0.000375952
624	0.000356011
632	0.000337135
640	0.000319266
648	0.00030235
656	0.000286335
664	0.000271173
672	0.000256818
680	0.000243225
688	0.000230355
696	0.000218167
704	0.000206626
712	0.000195757
720	0.000183016
728	0.000174568
736	0.000166113
744	0.000157766
752	0.000149489
760	0.000141509
768	0.000134131
776	0.000127056
784	0.000120319
792	0.000113955
800	0.000107902
808	0.000102101
816	9.67353e-05
824	9.16907e-05
832	8.68704e-05
840	8.22487e-05
848	7.79054e-05
856	7.37913e-05
864	6.98927e-05
872	6.6198e-05
880	6.26995e-05
888	5.93859e-05
896	5.62472e-05
904	5.32744e-05
912	5.04588e-05
920	4.77919e-05
928	4.5266e-05
936	4.28736e-05
944	4.06077e-05
952	3.84615e-05
960	3.64287e-05
968	3.45033e-05
976	3.26797e-05
984	3.09524e-05
992	2.93165e-05
1000	2.74292e-05
1008	2.55965e-05
1016	2.33723e-05
1024	2.29537e-05
1032	2.19995e-05
1040	2.11272e-05
1048	2.0172e-05
1056	1.91349e-05
1064	1.8138e-05
1072	1.71964e-05
1080	1.62956e-05
1088	1.54343e-05
1096	1.46175e-05
1104	1.38435e-05
1112	1.31099e-05
1120	1.24151e-05
1128	1.17572e-05
1136	1.11343e-05
1144	1.05449e-05
1152	9.96862e-06
1160	9.45026e-06
1168	8.95781e-06
1176	8.48398e-06
1184	8.03383e-06
1192	7.60885e-06
1200	7.20663e-06
1208	6.82558e-06
1216	6.46445e-06
1224	6.12253e-06
1232	5.79871e-06
1240	5.49201e-06
1248	5.20155e-06
1256	4.92646e-06
1264	4.66593e-06
1272	4.43172e-06
1280	4.1684e-06
1288	3.95413e-06
1296	3.68725e-06
1304	3.41942e-06
1312	3.25458e-06
1320	3.13473e-06
1328	3.02449e-06
1336	2.88993e-06
1344	2.74118e-06
1352	2.5972e-06
1360	2.46145e-06
1368	2.33232e-06
1376	2.20843e-06
1384	2.09113e-06
1392	1.98009e-06
1400	1.87493e-06
1408	1.77536e-06
1416	1.68112e-06
1424	1.59192e-06
1432	1.50749e-06
1440	1.42756e-06
1448	1.3519e-06
1456	1.28027e-06
1464	1.21246e-06
1472	1.14825e-06
1480	1.08745e-06
1488	1.01638e-06
1496	9.63181e-07
1504	9.19345e-07
1512	8.74806e-07
1520	8.3058e-07
1528	7.87739e-07
1536	7.46147e-07
1544	7.06769e-07
1552	6.69489e-07
1560	6.34023e-07
1568	6.00424e-07
1576	5.68607e-07
1584	5.38478e-07
1592	5.09949e-07
1600	4.82937e-07
1608	4.57361e-07
1616	4.33144e-07
1624	4.10214e-07
1632	3.885e-07
1640	3.67939e-07
1648	3.48468e-07
1656	3.3003e-07
1664	3.12569e-07
1672	2.96032e-07
1680	2.80372e-07
1688	2.65541e-07
1696	2.51495e-07
1704	2.38192e-07
1712	2.25595e-07
1720	2.13664e-07
1728	2.02364e-07
1736	1.91661e-07
1744	1.81506e-07
1752	1.71931e-07
1760	1.62538e-07
1768	1.54231e-07
1776	1.46079e-07
1784	1.38357e-07
1792	1.31032e-07
1800	1.24106e-07
1808	1.17544e-07
1816	1.11269e-07
1824	1.05448e-07
1832	9.98754e-08
--------------------------------------


Pressure Iteration count:1832
Pressure Error:9.98754e-08
Mass total after correction = 4.99377e-10
========================================


========================================
TIMESTEP NO. = 8
TIME = 0.045
========================================
--------------------------------------

Velocity Projection/Prediction

Iteration 	 Error
--------------------------------------
0	0.0142616
3	0.00129361
6	0.000125309
9	1.18655e-05
12	1.09011e-06
15	1.00549e-07
18	9.31786e-09
--------------------------------------


Mom Iteration count:18
Mom Error:9.31786e-09



Intermediate Mass total: 0.101119
--------------------------------------

SOR - Pressure Solver

Overrelaxation factor = 1.92

Iteration 	 Error
--------------------------------------
8	0.088663
16	0.0658081
24	0.0497028
32	0.0403968
40	0.0342249
48	0.0298074
56	0.026354
64	0.0235628
72	0.0212512
80	0.0192753
88	0.0175681
96	0.0160742
104	0.0147547
112	0.0135798
120	0.0125274
128	0.0115799
136	0.010723
144	0.00994527
152	0.00923708
160	0.00859044
168	0.00799853
176	0.00745556
184	0.0069565
192	0.00649699
200	0.0060732
208	0.00568176
216	0.00531971
224	0.00498439
232	0.00467343
240	0.00438474
248	0.00411642
256	0.00386677
264	0.00357464
272	0.00336146
280	0.00319521
288	0.00302621
296	0.0028581
304	0.0026914
312	0.00252845
320	0.0023904
328	0.00225914
336	0.00213084
344	0.00200995
352	0.00189689
360	0.00179086
368	0.00169108
376	0.00159711
384	0.00150872
392	0.00142551
400	0.00134713
408	0.00127329
416	0.00120368
424	0.00113806
432	0.00107616
440	0.00101776
448	0.000962592
456	0.000910616
464	0.000861494
472	0.000815091
480	0.000771307
488	0.000729858
496	0.000690704
504	0.000653714
512	0.000618746
520	0.00058567
528	0.000554398
536	0.000524823
544	0.000496847
552	0.000470383
560	0.000445346
568	0.000421657
576	0.000399242
584	0.000364813
592	0.000346118
600	0.000335055
608	0.000320796
616	0.000306015
624	0.000274954
632	0.000264931
640	0.000254384
648	0.000245107
656	0.000234126
664	0.000222761
672	0.000211292
680	0.000200021
688	0.000189471
696	0.000179416
704	0.000169851
712	0.000160801
720	0.000152178
728	0.000144085
736	0.000136372
744	0.000129219
752	0.000122359
760	0.000115884
768	0.000109725
776	0.000103912
784	9.84086e-05
792	9.31951e-05
800	8.82601e-05
808	8.35879e-05
816	7.91641e-05
824	7.49751e-05
832	7.10324e-05
840	6.72117e-05
848	6.36681e-05
856	6.03233e-05
864	5.71394e-05
872	5.41197e-05
880	5.12573e-05
888	4.85493e-05
896	4.59834e-05
904	4.32666e-05
912	4.10452e-05
920	3.87655e-05
928	3.69512e-05
936	3.50812e-05
944	3.32504e-05
952	3.14802e-05
960	2.98271e-05
968	2.82576e-05
976	2.6762e-05
984	2.53468e-05
992	2.40069e-05
1000	2.27384e-05
1008	2.15313e-05
1016	2.03882e-05
1024	1.93164e-05
1032	1.82989e-05
1040	1.73287e-05
1048	1.60409e-05
1056	1.50152e-05
1064	1.36071e-05
1072	1.35825e-05
1080	1.25634e-05
1088	1.2351e-05
1096	1.19076e-05
1104	1.13103e-05
1112	1.07791e-05
1120	1.02317e-05
1128	9.69001e-06
1136	9.1785e-06
1144	8.69324e-06
1152	8.23104e-06
1160	7.79313e-06
1168	7.37869e-06
1176	6.9865e-06
1184	6.6154e-06
1192	6.26413e-06
1200	5.93167e-06
1208	5.61733e-06
1216	5.31925e-06
1224	5.03726e-06
1232	4.77047e-06
1240	4.51771e-06
1248	4.27846e-06
1256	4.05193e-06
1264	3.83744e-06
1272	3.63433e-06
1280	3.442e-06
1288	3.25987e-06
1296	3.0874e-06
1304	2.92407e-06
1312	2.76938e-06
1320	2.6229e-06
1328	2.48319e-06
1336	2.31485e-06
1344	2.20148e-06
1352	2.09735e-06
1360	1.99893e-06
1368	1.8978e-06
1376	1.79901e-06
1384	1.70339e-06
1392	1.61369e-06
1400	1.52869e-06
1408	1.44706e-06
1416	1.37049e-06
1424	1.29742e-06
1432	1.2297e-06
1440	1.16462e-06
1448	1.10313e-06
1456	1.04461e-06
1464	9.8937e-07
1472	9.3704e-07
1480	8.87448e-07
1488	8.40493e-07
1496	7.96029e-07
1504	7.52742e-07
1512	7.11147e-07
1520	6.73293e-07
1528	6.401e-07
1536	6.06968e-07
1544	5.75058e-07
1552	5.44622e-07
1560	5.15921e-07
1568	4.88622e-07
1576	4.62895e-07
1584	4.3837e-07
1592	4.15164e-07
1600	3.9021e-07
1608	3.69281e-07
1616	3.50902e-07
1624	3.34024e-07
1632	3.01243e-07
1640	2.93271e-07
1648	2.77279e-07
1656	2.6638e-07
1664	2.55411e-07
1672	2.4312e-07
1680	2.30677e-07
1688	2.18439e-07
1696	2.06932e-07
1704	1.9605e-07
1712	1.85523e-07
1720	1.75586e-07
1728	1.66399e-07
1736	1.58624e-07
1744	1.48093e-07
1752	1.39955e-07
1760	1.33124e-07
1768	1.2673e-07
1776	1.20316e-07
1784	1.13975e-07
1792	1.07937e-07
1800	1.02237e-07
1808	9.6839e-08
--------------------------------------


Pressure Iteration count:1808
Pressure Error:9.6839e-08
Mass total after correction = 4.84195e-10
========================================


========================================
TIMESTEP NO. = 9
TIME = 0.05
========================================
--------------------------------------

Velocity Projection/Prediction

Iteration 	 Error
--------------------------------------
0	0.0143352
3	0.00128702
6	0.000123056
9	1.16106e-05
12	1.06715e-06
15	9.73859e-08
--------------------------------------


Mom Iteration count:15
Mom Error:9.73859e-08



Intermediate Mass total: 0.10148
--------------------------------------

SOR - Pressure Solver

Overrelaxation factor = 1.92

Iteration 	 Error
--------------------------------------
8	0.0317173
16	0.0350895
24	0.0294936
32	0.0256234
40	0.0226452
48	0.020333
56	0.0183516
64	0.0166786
72	0.0152248
80	0.0139331
88	0.0127981
96	0.0117886
104	0.0108854
112	0.0100721
120	0.00934409
128	0.00846083
136	0.00776957
144	0.00747942
152	0.00700372
160	0.00656908
168	0.00615027
176	0.00575318
184	0.00538766
192	0.00504791
200	0.0047314
208	0.00443762
216	0.00416541
224	0.00391127
232	0.00367499
240	0.0034549
248	0.00324966
256	0.00305806
264	0.0028178
272	0.00268301
280	0.00253318
288	0.00240301
296	0.00227585
304	0.0021484
312	0.00202592
320	0.00191193
328	0.00180561
336	0.00170474
344	0.00161053
352	0.00152151
360	0.00143768
368	0.00135844
376	0.00128395
384	0.00121372
392	0.00114749
400	0.00108503
408	0.0010261
416	0.000970495
424	0.000918003
432	0.000868441
440	0.000821635
448	0.00077742
456	0.000735646
464	0.00069617
472	0.000658859
480	0.000623589
488	0.000590242
496	0.000558709
504	0.000528889
512	0.000500683
520	0.000474003
528	0.000448762
536	0.000424881
544	0.000402285
552	0.000380902
560	0.000350565
568	0.000334314
576	0.000318686
584	0.000305901
592	0.00029117
600	0.000270785
608	0.000258407
616	0.000243899
624	0.000232636
632	0.000221941
640	0.000211117
648	0.000199868
656	0.000189246
664	0.000177314
672	0.000168279
680	0.000159965
688	0.000152093
696	0.000144455
704	0.000136808
712	0.000129549
720	0.000122705
728	0.000116224
736	0.00011006
744	0.000104228
752	9.43375e-05
760	8.91305e-05
768	8.59747e-05
776	8.1878e-05
784	7.89905e-05
792	7.55702e-05
800	7.18586e-05
808	6.80686e-05
816	6.44882e-05
824	6.14074e-05
832	5.77381e-05
840	5.4746e-05
848	5.18619e-05
856	4.91521e-05
864	4.65662e-05
872	4.411e-05
880	4.17708e-05
888	3.95576e-05
896	3.74627e-05
904	3.5478e-05
912	3.35988e-05
920	3.18196e-05
928	3.01349e-05
936	2.85397e-05
944	2.70293e-05
952	2.5599e-05
960	2.42446e-05
968	2.2962e-05
976	2.1649e-05
984	2.05442e-05
992	1.94711e-05
1000	1.84695e-05
1008	1.71574e-05
1016	1.63376e-05
1024	1.55457e-05
1032	1.48233e-05
1040	1.4101e-05
1048	1.33812e-05
1056	1.26738e-05
1064	1.20075e-05
1072	1.13751e-05
1080	1.07739e-05
1088	1.02034e-05
1096	9.66342e-06
1104	9.15185e-06
1112	8.66734e-06
1120	8.20852e-06
1128	7.77104e-06
1136	7.36294e-06
1144	6.97321e-06
1152	6.60425e-06
1160	6.25485e-06
1168	5.92396e-06
1176	5.6108e-06
1184	5.31393e-06
1192	5.03295e-06
1200	4.7668e-06
1208	4.51471e-06
1216	4.27597e-06
1224	4.04985e-06
1232	3.8357e-06
1240	3.63288e-06
1248	3.44078e-06
1256	3.25885e-06
1264	3.08653e-06
1272	2.92333e-06
1280	2.76876e-06
1288	2.62237e-06
1296	2.48371e-06
1304	2.35239e-06
1312	2.22801e-06
1320	2.11021e-06
1328	1.99863e-06
1336	1.89296e-06
1344	1.7347e-06
1352	1.67886e-06
1360	1.59567e-06
1368	1.51655e-06
1376	1.44268e-06
1384	1.37135e-06
1392	1.29893e-06
1400	1.23012e-06
1408	1.15362e-06
1416	1.09422e-06
1424	1.03955e-06
1432	9.88924e-07
1440	9.38859e-07
1448	8.90183e-07
1456	8.42818e-07
1464	7.98363e-07
1472	7.56216e-07
1480	7.16148e-07
1488	6.78173e-07
1496	6.42292e-07
1504	6.08237e-07
1512	5.69895e-07
1520	5.30103e-07
1528	5.00439e-07
1536	4.7816e-07
1544	4.56394e-07
1552	4.37179e-07
1560	4.18305e-07
1568	3.97132e-07
1576	3.7654e-07
1584	3.56646e-07
1592	3.37913e-07
1600	3.20116e-07
1608	3.03104e-07
1616	2.87023e-07
1624	2.71788e-07
1632	2.57317e-07
1640	2.43275e-07
1648	2.30748e-07
1656	2.1856e-07
1664	2.07009e-07
1672	1.95831e-07
1680	1.85044e-07
1688	1.75632e-07
1696	1.66517e-07
1704	1.5776e-07
1712	1.49396e-07
1720	1.41498e-07
1728	1.3402e-07
1736	1.26934e-07
1744	1.20217e-07
1752	1.13858e-07
1760	1.07835e-07
1768	1.02131e-07
1776	9.67287e-08
--------------------------------------


Pressure Iteration count:1776
Pressure Error:9.67287e-08
Mass total after correction = 4.83643e-10
========================================


========================================
TIMESTEP NO. = 10
TIME = 0.055
========================================
--------------------------------------

Velocity Projection/Prediction

Iteration 	 Error
--------------------------------------
0	0.0142817
3	0.00130539
6	0.000126136
9	1.19097e-05
12	1.0952e-06
15	9.99273e-08
--------------------------------------


Mom Iteration count:15
Mom Error:9.99273e-08



Intermediate Mass total: 0.101253
--------------------------------------

SOR - Pressure Solver

Overrelaxation factor = 1.92

Iteration 	 Error
--------------------------------------
8	0.054462
16	0.0447797
24	0.0343413
32	0.0281109
40	0.023911
48	0.0208804
56	0.0184605
64	0.0165214
72	0.0148977
80	0.0135083
88	0.0123074
96	0.0112575
104	0.0103312
112	0.00950737
120	0.00877036
128	0.00810849
136	0.00750878
144	0.00696556
152	0.00647155
160	0.00599872
168	0.00558873
176	0.00522384
184	0.00487907
192	0.00455924
200	0.00426304
208	0.00398936
216	0.00373598
224	0.00350125
232	0.00328341
240	0.00308107
248	0.00289294
256	0.00271783
264	0.00255464
272	0.00240253
280	0.00220334
288	0.00207447
296	0.00195864
304	0.00185398
312	0.0017376
320	0.00162843
328	0.0015741
336	0.00148786
344	0.00140072
352	0.00133534
360	0.0012723
368	0.00120621
376	0.00113997
384	0.0010764
392	0.00101694
400	0.000960654
408	0.000907748
416	0.0008581
424	0.00081119
432	0.00076703
440	0.000725395
448	0.00068594
456	0.000648764
464	0.000613677
472	0.000580547
480	0.000549259
488	0.000519707
496	0.000494452
504	0.000461763
512	0.000437426
520	0.000415536
528	0.000394837
536	0.000374247
544	0.00035431
552	0.000335467
560	0.000317651
568	0.000300759
576	0.000284739
584	0.000269588
592	0.00025525
600	0.000241681
608	0.00022884
616	0.000216687
624	0.000205185
632	0.000194298
640	0.000183993
648	0.000174238
656	0.000165003
664	0.00015626
672	0.000147982
680	0.000140145
688	0.000132725
696	0.000125699
704	0.000119046
712	0.000112746
720	0.000106781
728	0.000101132
736	9.57819e-05
744	9.07158e-05
752	8.36018e-05
760	8.00901e-05
768	7.60028e-05
776	7.27135e-05
784	6.92418e-05
792	6.57809e-05
800	6.23216e-05
808	5.75031e-05
816	5.43701e-05
824	5.201e-05
832	5.00195e-05
840	4.7854e-05
848	4.53887e-05
856	4.30032e-05
864	4.0739e-05
872	3.85899e-05
880	3.65414e-05
888	3.45986e-05
896	3.27599e-05
904	3.10194e-05
912	2.9372e-05
920	2.78129e-05
928	2.63374e-05
936	2.49409e-05
944	2.36189e-05
952	2.23675e-05
960	2.11828e-05
968	2.00597e-05
976	1.86716e-05
984	1.78866e-05
992	1.69633e-05
1000	1.61127e-05
1008	1.52877e-05
1016	1.44893e-05
1024	1.37221e-05
1032	1.29993e-05
1040	1.2313e-05
1048	1.16622e-05
1056	1.10454e-05
1064	1.04612e-05
1072	9.90796e-06
1080	9.12033e-06
1088	8.8214e-06
1096	8.3754e-06
1104	7.9413e-06
1112	7.56104e-06
1120	7.17376e-06
1128	6.7711e-06
1136	6.40233e-06
1144	6.07632e-06
1152	5.76705e-06
1160	5.40908e-06
1168	5.10809e-06
1176	4.87723e-06
1184	4.63261e-06
1192	4.40769e-06
1200	4.17688e-06
1208	3.93809e-06
1216	3.73596e-06
1224	3.54173e-06
1232	3.36111e-06
1240	3.186e-06
1248	3.01786e-06
1256	2.85852e-06
1264	2.70714e-06
1272	2.56381e-06
1280	2.42811e-06
1288	2.29953e-06
1296	2.18847e-06
1304	2.04738e-06
1312	1.93779e-06
1320	1.84429e-06
1328	1.75376e-06
1336	1.6625e-06
1344	1.57441e-06
1352	1.49134e-06
1360	1.41276e-06
1368	1.33805e-06
1376	1.26722e-06
1384	1.20016e-06
1392	1.13664e-06
1400	1.07648e-06
1408	1.01951e-06
1416	9.65558e-07
1424	9.14466e-07
1432	8.66081e-07
1440	8.20261e-07
1448	7.76868e-07
1456	7.35773e-07
1464	6.96854e-07
1472	6.59995e-07
1480	6.25087e-07
1488	5.92027e-07
1496	5.60717e-07
1504	5.31063e-07
1512	5.02978e-07
1520	4.76351e-07
1528	4.51184e-07
1536	4.27327e-07
1544	4.04732e-07
1552	3.8333e-07
1560	3.6306e-07
1568	3.43862e-07
1576	3.25682e-07
1584	3.08459e-07
1592	2.92151e-07
1600	2.76703e-07
1608	2.62073e-07
1616	2.48215e-07
1624	2.3509e-07
1632	2.2266e-07
1640	2.10886e-07
1648	1.99735e-07
1656	1.89174e-07
1664	1.79171e-07
1672	1.62828e-07
1680	1.56786e-07
1688	1.49906e-07
1696	1.42172e-07
1704	1.34989e-07
1712	1.28835e-07
1720	1.23247e-07
1728	1.17055e-07
1736	1.11105e-07
1744	1.05105e-07
1752	9.9553e-08
--------------------------------------


Pressure Iteration count:1752
Pressure Error:9.9553e-08
Mass total after correction = 4.97765e-10
========================================


========================================
TIMESTEP NO. = 11
TIME = 0.06
========================================
--------------------------------------

Velocity Projection/Prediction

Iteration 	 Error
--------------------------------------
0	0.0143334
3	0.00128992
6	0.000123387
9	1.16323e-05
12	1.06887e-06
15	9.75402e-08
--------------------------------------


Mom Iteration count:15
Mom Error:9.75402e-08



Intermediate Mass total: 0.101472
--------------------------------------

SOR - Pressure Solver

Overrelaxation factor = 1.92

Iteration 	 Error
--------------------------------------
8	0.0222784
16	0.0269617
24	0.0225759
32	0.0194715
40	0.0171232
48	0.015315
56	0.0137709
64	0.0119798
72	0.0102974
80	0.00983097
88	0.00921448
96	0.00856339
104	0.00813571
112	0.00759709
120	0.00705115
128	0.00654044
136	0.00608005
144	0.0056582
152	0.00527055
160	0.00491387
168	0.00458676
176	0.0042857
184	0.00400805
192	0.00375163
200	0.00351443
208	0.00329469
216	0.00309082
224	0.00290145
232	0.00272532
240	0.00256133
248	0.00240848
256	0.00226586
264	0.00213267
272	0.00200875
280	0.00189131
288	0.00178185
296	0.00168064
304	0.0015849
312	0.00149487
320	0.00141052
328	0.00133133
336	0.00125689
344	0.00118686
352	0.00112099
360	0.001059
368	0.00100062
376	0.000945628
384	0.000867702
392	0.000833089
400	0.000791091
408	0.000750111
416	0.00071226
424	0.000658658
432	0.000634013
440	0.000607283
448	0.000576875
456	0.000546949
464	0.000517136
472	0.000489559
480	0.000463621
488	0.000438632
496	0.000415069
504	0.000392817
512	0.000371775
520	0.000351871
528	0.000333057
536	0.000315268
544	0.000298446
552	0.000282535
560	0.000267485
568	0.000253248
576	0.000239777
584	0.000227031
592	0.000214969
600	0.000203553
608	0.000192749
616	0.000182522
624	0.000171464
632	0.000161683
640	0.000154139
648	0.000146624
656	0.00013927
664	0.000132093
672	0.000125017
680	0.000118431
688	0.000112189
696	0.00010624
704	0.000100609
712	9.52795e-05
720	9.02328e-05
728	8.54538e-05
736	8.09289e-05
744	7.66446e-05
752	7.25878e-05
760	6.87465e-05
768	6.5109e-05
776	6.16645e-05
784	5.84026e-05
792	5.53136e-05
800	5.23882e-05
808	4.96178e-05
816	4.69941e-05
824	4.45093e-05
832	4.2156e-05
840	3.99272e-05
848	3.78164e-05
856	3.58172e-05
864	3.39237e-05
872	3.21304e-05
880	3.04234e-05
888	2.88026e-05
896	2.72913e-05
904	2.58569e-05
912	2.44917e-05
920	2.3197e-05
928	2.19707e-05
936	2.08099e-05
944	1.89329e-05
952	1.84496e-05
960	1.74565e-05
968	1.66485e-05
976	1.53413e-05
984	1.47052e-05
992	1.40512e-05
1000	1.34387e-05
1008	1.28303e-05
1016	1.21898e-05
1024	1.15575e-05
1032	1.0951e-05
1040	1.03799e-05
1048	9.8353e-06
1056	9.31259e-06
1064	8.81813e-06
1072	8.35033e-06
1080	7.90725e-06
1088	7.48679e-06
1096	7.0751e-06
1104	6.6415e-06
1112	6.33194e-06
1120	6.02132e-06
1128	5.71261e-06
1136	5.417e-06
1144	5.12858e-06
1152	4.85758e-06
1160	4.60116e-06
1168	4.35727e-06
1176	4.12628e-06
1184	3.90767e-06
1192	3.70067e-06
1200	3.50462e-06
1208	3.32762e-06
1216	3.12157e-06
1224	2.96854e-06
1232	2.81658e-06
1240	2.67288e-06
1248	2.53298e-06
1256	2.39862e-06
1264	2.27198e-06
1272	2.15196e-06
1280	2.03809e-06
1288	1.93019e-06
1296	1.82804e-06
1304	1.73129e-06
1312	1.63966e-06
1320	1.5529e-06
1328	1.47073e-06
1336	1.39292e-06
1344	1.31923e-06
1352	1.24944e-06
1360	1.15687e-06
1368	1.10924e-06
1376	1.05304e-06
1384	1.00428e-06
1392	9.53561e-07
1400	9.03696e-07
1408	8.55827e-07
1416	8.10716e-07
1424	7.66224e-07
1432	7.1557e-07
1440	6.78237e-07
1448	6.45884e-07
1456	6.18397e-07
1464	5.8699e-07
1472	5.56074e-07
1480	5.26663e-07
1488	4.98935e-07
1496	4.72618e-07
1504	4.47583e-07
1512	4.23875e-07
1520	4.01424e-07
1528	3.80161e-07
1536	3.60026e-07
1544	3.40961e-07
1552	3.2291e-07
1560	3.05816e-07
1568	2.8963e-07
1576	2.74303e-07
1584	2.59788e-07
1592	2.46043e-07
1600	2.33026e-07
1608	2.20699e-07
1616	2.09025e-07
1624	1.97969e-07
1632	1.87498e-07
1640	1.77581e-07
1648	1.6819e-07
1656	1.59295e-07
1664	1.50871e-07
1672	1.42892e-07
1680	1.35336e-07
1688	1.28179e-07
1696	1.21401e-07
1704	1.14981e-07
1712	1.08901e-07
1720	1.03143e-07
1728	9.76886e-08
--------------------------------------


Pressure Iteration count:1728
Pressure Error:9.76886e-08
Mass total after correction = 4.88443e-10
========================================


========================================
TIMESTEP NO. = 12
TIME = 0.065
========================================
--------------------------------------

Velocity Projection/Prediction

Iteration 	 Error
--------------------------------------
0	0.0143036
3	0.00128944
6	0.000123567
9	1.16391e-05
12	1.06959e-06
15	9.75985e-08
--------------------------------------


Mom Iteration count:15
Mom Error:9.75985e-08



Intermediate Mass total: 0.101339
--------------------------------------

SOR - Pressure Solver

Overrelaxation factor = 1.92

Iteration 	 Error
--------------------------------------
8	0.0349586
16	0.032605
24	0.0259464
32	0.0218262
40	0.0183329
48	0.0160593
56	0.0141774
64	0.0126564
72	0.0114017
80	0.0103201
88	0.00937787
96	0.00857991
104	0.00786838
112	0.00723653
120	0.00667181
128	0.00616536
136	0.00570845
144	0.00529398
152	0.00491709
160	0.00457324
168	0.00426057
176	0.00397144
184	0.00370648
192	0.0034626
200	0.00323765
208	0.00302975
216	0.00283741
224	0.0026592
232	0.00249387
240	0.00234031
248	0.00219752
256	0.00201203
264	0.00190186
272	0.00169657
280	0.00163783
288	0.00158917
296	0.00152211
304	0.00144761
312	0.00136916
320	0.00129174
328	0.00121867
336	0.00114904
344	0.00108121
352	0.00102302
360	0.000965967
368	0.000911944
376	0.000861074
384	0.000813258
392	0.000768261
400	0.000725901
408	0.000685982
416	0.000648376
424	0.000612929
432	0.000579506
440	0.000547981
448	0.000518238
456	0.000490166
464	0.000463667
472	0.000438644
480	0.00041884
488	0.000387981
496	0.000368059
504	0.000350412
512	0.000333326
520	0.00031582
528	0.000298999
536	0.000283084
544	0.000268052
552	0.000253751
560	0.000236752
568	0.000221743
576	0.000202905
584	0.000192956
592	0.00018748
600	0.000181964
608	0.000174839
616	0.000166459
624	0.000158002
632	0.000149673
640	0.000141774
648	0.000134238
656	0.000127062
664	0.000120273
672	0.000113852
680	0.000107777
688	0.000102031
696	9.65975e-05
704	9.14577e-05
712	8.65953e-05
720	8.19948e-05
728	7.76416e-05
736	7.35218e-05
744	6.96226e-05
752	6.59318e-05
760	6.24379e-05
768	5.91303e-05
776	5.59989e-05
784	5.3034e-05
792	5.02268e-05
800	4.75686e-05
808	4.50516e-05
816	4.26681e-05
824	4.0411e-05
832	3.82735e-05
840	3.62493e-05
848	3.43323e-05
856	3.25169e-05
864	3.08408e-05
872	2.89059e-05
880	2.72493e-05
888	2.60044e-05
896	2.4785e-05
904	2.35178e-05
912	2.22741e-05
920	2.1003e-05
928	1.96455e-05
936	1.8634e-05
944	1.77969e-05
952	1.6997e-05
960	1.61459e-05
968	1.52989e-05
976	1.44937e-05
984	1.37283e-05
992	1.30026e-05
1000	1.2314e-05
1008	1.16613e-05
1016	1.10434e-05
1024	1.04583e-05
1032	9.90431e-06
1040	9.3798e-06
1048	8.87808e-06
1056	8.40093e-06
1064	7.96368e-06
1072	7.54501e-06
1080	7.14738e-06
1088	6.77042e-06
1096	6.41212e-06
1104	5.93158e-06
1112	5.5737e-06
1120	5.29388e-06
1128	5.06231e-06
1136	4.88777e-06
1144	4.64857e-06
1152	4.41393e-06
1160	4.18109e-06
1168	3.96321e-06
1176	3.75466e-06
1184	3.55578e-06
1192	3.36732e-06
1200	3.18888e-06
1208	3.01984e-06
1216	2.85976e-06
1224	2.7082e-06
1232	2.56471e-06
1240	2.42885e-06
1248	2.30022e-06
1256	2.17843e-06
1264	2.06311e-06
1272	1.95392e-06
1280	1.85052e-06
1288	1.7526e-06
1296	1.65987e-06
1304	1.57206e-06
1312	1.4889e-06
1320	1.41015e-06
1328	1.33556e-06
1336	1.26493e-06
1344	1.19803e-06
1352	1.13467e-06
1360	1.05044e-06
1368	9.6122e-07
1376	9.34855e-07
1384	9.01047e-07
1392	8.64326e-07
1400	7.97301e-07
1408	7.63867e-07
1416	7.32835e-07
1424	6.99125e-07
1432	6.67165e-07
1440	6.33509e-07
1448	6.00123e-07
1456	5.68266e-07
1464	5.38285e-07
1472	5.02912e-07
1480	4.78004e-07
1488	4.54373e-07
1496	4.32176e-07
1504	4.10439e-07
1512	3.88844e-07
1520	3.68175e-07
1528	3.48713e-07
1536	3.30279e-07
1544	3.12744e-07
1552	2.96157e-07
1560	2.80456e-07
1568	2.65523e-07
1576	2.51537e-07
1584	2.38202e-07
1592	2.25582e-07
1600	2.13637e-07
1608	2.02325e-07
1616	1.91615e-07
1624	1.81477e-07
1632	1.71874e-07
1640	1.62784e-07
1648	1.54173e-07
1656	1.46017e-07
1664	1.38294e-07
1672	1.30979e-07
1680	1.24052e-07
1688	1.17491e-07
1696	1.11277e-07
1704	1.05392e-07
1712	9.98187e-08
--------------------------------------


Pressure Iteration count:1712
Pressure Error:9.98187e-08
Mass total after correction = 4.99094e-10
========================================


========================================
TIMESTEP NO. = 13
TIME = 0.07
========================================
--------------------------------------

Velocity Projection/Prediction

Iteration 	 Error
--------------------------------------
0	0.014164
3	0.00132256
6	0.000130029
9	1.29138e-05
12	1.21883e-06
15	1.12434e-07
18	1.02908e-08
--------------------------------------


Mom Iteration count:18
Mom Error:1.02908e-08



Intermediate Mass total: 0.10147
--------------------------------------

SOR - Pressure Solver

Overrelaxation factor = 1.92

Iteration 	 Error
--------------------------------------
8	0.0168738
16	0.0217098
24	0.018131
32	0.0155447
40	0.0136129
48	0.0120789
56	0.0107549
64	0.00977146
72	0.00890532
80	0.00811738
88	0.00743059
96	0.00682112
104	0.00627989
112	0.00572103
120	0.00531483
128	0.00494622
136	0.00461455
144	0.00429795
152	0.00400727
160	0.00362539
168	0.00336957
176	0.00320389
184	0.00303032
192	0.00287032
200	0.00269535
208	0.00252844
216	0.00237213
224	0.00222834
232	0.002093
240	0.00196651
248	0.00184872
256	0.00173885
264	0.00163624
272	0.00154035
280	0.00145068
288	0.00136677
296	0.00128818
304	0.00121453
312	0.00114545
320	0.00108063
328	0.00101976
336	0.000962572
344	0.000908813
352	0.000858248
360	0.000810669
368	0.000765879
376	0.000723697
384	0.000683955
392	0.000646499
400	0.000611185
408	0.00057788
416	0.000526768
424	0.000512277
432	0.000485836
440	0.000461632
448	0.00043793
456	0.000406096
464	0.00038534
472	0.000365773
480	0.000350498
488	0.000333061
496	0.000316018
504	0.000299362
512	0.000283367
520	0.0002682
528	0.000254863
536	0.000239658
544	0.000227204
552	0.000215267
560	0.000203928
568	0.000193108
576	0.000182832
584	0.000173108
592	0.000163903
600	0.000155194
608	0.000146948
616	0.000139144
624	0.000131757
632	0.000124765
640	0.000118147
648	0.000111882
656	0.000105951
664	0.000100336
672	9.50202e-05
680	8.83693e-05
688	8.23924e-05
696	7.84163e-05
704	7.35803e-05
712	7.12703e-05
720	6.88896e-05
728	6.55901e-05
736	6.22178e-05
744	5.89204e-05
752	5.58381e-05
760	5.28998e-05
768	5.00858e-05
776	4.7424e-05
784	4.4905e-05
792	4.24841e-05
800	4.01085e-05
808	3.79235e-05
816	3.59657e-05
824	3.41107e-05
832	3.23703e-05
840	3.06916e-05
848	2.90772e-05
856	2.75387e-05
864	2.60808e-05
872	2.47009e-05
880	2.33936e-05
888	2.21547e-05
896	2.09817e-05
904	1.95089e-05
912	1.84206e-05
920	1.75998e-05
928	1.68414e-05
936	1.60279e-05
944	1.52168e-05
952	1.4403e-05
960	1.36456e-05
968	1.29268e-05
976	1.22432e-05
984	1.1594e-05
992	1.09798e-05
1000	1.0398e-05
1008	9.84707e-06
1016	9.32545e-06
1024	8.82547e-06
1032	8.36132e-06
1040	7.91177e-06
1048	7.50221e-06
1056	7.10517e-06
1064	6.72945e-06
1072	6.37306e-06
1080	6.03623e-06
1088	5.7171e-06
1096	5.4147e-06
1104	5.12834e-06
1112	4.85716e-06
1120	4.60031e-06
1128	4.35705e-06
1136	4.12667e-06
1144	3.90847e-06
1152	3.70181e-06
1160	3.50608e-06
1168	3.3207e-06
1176	3.14513e-06
1184	2.97884e-06
1192	2.82134e-06
1200	2.67218e-06
1208	2.5309e-06
1216	2.39709e-06
1224	2.27035e-06
1232	2.15032e-06
1240	2.03663e-06
1248	1.92895e-06
1256	1.82697e-06
1264	1.73038e-06
1272	1.63889e-06
1280	1.49934e-06
1288	1.44651e-06
1296	1.37986e-06
1304	1.31459e-06
1312	1.25159e-06
1320	1.17863e-06
1328	1.10261e-06
1336	1.01419e-06
1344	9.28905e-07
1352	9.17969e-07
1360	8.63888e-07
1368	8.3334e-07
1376	8.10127e-07
1384	7.78976e-07
1392	7.42531e-07
1400	7.03884e-07
1408	6.67097e-07
1416	6.32292e-07
1424	5.98835e-07
1432	5.66929e-07
1440	5.36751e-07
1448	5.08168e-07
1456	4.81136e-07
1464	4.55516e-07
1472	4.31298e-07
1480	4.08526e-07
1488	3.86443e-07
1496	3.65999e-07
1504	3.46714e-07
1512	3.28362e-07
1520	3.10962e-07
1528	2.94477e-07
1536	2.78886e-07
1544	2.64286e-07
1552	2.49513e-07
1560	2.36693e-07
1568	2.24323e-07
1576	2.12497e-07
1584	2.0129e-07
1592	1.90618e-07
1600	1.80539e-07
1608	1.70995e-07
1616	1.61946e-07
1624	1.53378e-07
1632	1.45264e-07
1640	1.37617e-07
1648	1.2635e-07
1656	1.2212e-07
1664	1.16112e-07
1672	1.10631e-07
1680	1.04989e-07
1688	9.95784e-08
--------------------------------------


Pressure Iteration count:1688
Pressure Error:9.95784e-08
Mass total after correction = 4.97892e-10
========================================


========================================
TIMESTEP NO. = 14
TIME = 0.075
========================================
--------------------------------------

Velocity Projection/Prediction

Iteration 	 Error
--------------------------------------
0	0.0143151
3	0.0012922
6	0.000123804
9	1.1659e-05
12	1.07121e-06
15	9.77458e-08
--------------------------------------


Mom Iteration count:15
Mom Error:9.77458e-08



Intermediate Mass total: 0.101393
--------------------------------------

SOR - Pressure Solver

Overrelaxation factor = 1.92

Iteration 	 Error
--------------------------------------
8	0.0240302
16	0.0245802
24	0.0194344
32	0.016117
40	0.0138101
48	0.0121123
56	0.010697
64	0.00958528
72	0.00863796
80	0.00782371
88	0.00712131
96	0.00650903
104	0.00596984
112	0.00549102
120	0.00506767
128	0.00468386
136	0.00429272
144	0.00399322
152	0.0037281
160	0.00348323
168	0.00324764
176	0.0030297
184	0.00282924
192	0.00264448
200	0.00239564
208	0.00226761
216	0.00214849
224	0.00199772
232	0.00190647
240	0.00179662
248	0.00168864
256	0.00158571
264	0.00149439
272	0.00140698
280	0.00132477
288	0.00124732
296	0.00117466
304	0.00110665
312	0.00104295
320	0.000983194
328	0.000927158
336	0.000874578
344	0.000825211
352	0.000778836
360	0.000735249
368	0.000694263
376	0.000655703
384	0.000619411
392	0.000585237
400	0.000553047
408	0.000522712
416	0.000494117
424	0.000467153
432	0.000441719
440	0.000417722
448	0.000395073
456	0.000373692
464	0.000353504
472	0.000334437
480	0.000316426
488	0.000299408
496	0.000283327
504	0.000268128
512	0.00025376
520	0.000240177
528	0.000227333
536	0.000215187
544	0.000203699
552	0.000192833
560	0.000182554
568	0.000172923
576	0.000163472
584	0.000154803
592	0.000146654
600	0.000138889
608	0.000131539
616	0.000124537
624	0.000117934
632	0.00011168
640	0.000105754
648	0.000100145
656	9.48361e-05
664	8.98094e-05
672	8.50502e-05
680	8.05442e-05
688	7.62779e-05
696	7.22382e-05
704	6.84132e-05
712	6.47913e-05
720	6.13616e-05
728	5.78427e-05
736	5.47465e-05
744	5.20351e-05
752	4.93675e-05
760	4.67894e-05
768	4.43228e-05
776	4.19748e-05
784	3.93616e-05
792	3.73183e-05
800	3.54126e-05
808	3.37239e-05
816	3.20205e-05
824	3.03485e-05
832	2.87419e-05
840	2.72236e-05
848	2.57861e-05
856	2.44228e-05
864	2.31301e-05
872	2.19063e-05
880	2.07472e-05
888	1.96494e-05
896	1.86099e-05
904	1.76254e-05
912	1.66931e-05
920	1.58102e-05
928	1.4974e-05
936	1.41822e-05
944	1.34322e-05
952	1.2722e-05
960	1.20493e-05
968	1.14122e-05
976	1.08088e-05
984	1.02374e-05
992	9.69611e-06
1000	9.18349e-06
1008	8.69799e-06
1016	8.23815e-06
1024	7.80263e-06
1032	7.39013e-06
1040	6.99945e-06
1048	6.62942e-06
1056	6.26909e-06
1064	5.94406e-06
1072	5.62916e-06
1080	5.33478e-06
1088	5.05312e-06
1096	4.78632e-06
1104	4.53292e-06
1112	4.29346e-06
1120	4.06654e-06
1128	3.85155e-06
1136	3.64793e-06
1144	3.45507e-06
1152	3.27242e-06
1160	3.09941e-06
1168	2.93555e-06
1176	2.78036e-06
1184	2.63336e-06
1192	2.49414e-06
1200	2.36228e-06
1208	2.23739e-06
1216	2.1191e-06
1224	2.00707e-06
1232	1.90096e-06
1240	1.80025e-06
1248	1.70531e-06
1256	1.61512e-06
1264	1.52974e-06
1272	1.44893e-06
1280	1.37236e-06
1288	1.29975e-06
1296	1.23103e-06
1304	1.16597e-06
1312	1.10431e-06
1320	1.04592e-06
1328	9.90623e-07
1336	9.38243e-07
1344	8.88623e-07
1352	8.41657e-07
1360	7.97156e-07
1368	7.55005e-07
1376	7.15142e-07
1384	6.7728e-07
1392	6.4147e-07
1400	6.07565e-07
1408	5.75436e-07
1416	5.45012e-07
1424	5.16196e-07
1432	4.88903e-07
1440	4.63053e-07
1448	4.3857e-07
1456	4.15382e-07
1464	3.93419e-07
1472	3.72618e-07
1480	3.52916e-07
1488	3.34256e-07
1496	3.16583e-07
1504	2.99844e-07
1512	2.8399e-07
1520	2.68638e-07
1528	2.54593e-07
1536	2.41015e-07
1544	2.28503e-07
1552	2.16571e-07
1560	2.05175e-07
1568	1.94315e-07
1576	1.84044e-07
1584	1.74318e-07
1592	1.65097e-07
1600	1.56363e-07
1608	1.48092e-07
1616	1.40259e-07
1624	1.32652e-07
1632	1.25476e-07
1640	1.1829e-07
1648	1.12595e-07
1656	1.06824e-07
1664	1.01542e-07
1672	9.57008e-08
--------------------------------------


Pressure Iteration count:1672
Pressure Error:9.57008e-08
Mass total after correction = 4.78504e-10
========================================


========================================
TIMESTEP NO. = 15
TIME = 0.08
========================================
--------------------------------------

Velocity Projection/Prediction

Iteration 	 Error
--------------------------------------
0	0.0143428
3	0.00129421
6	0.000123879
9	1.16693e-05
12	1.07199e-06
15	9.78228e-08
--------------------------------------


Mom Iteration count:15
Mom Error:9.78228e-08



Intermediate Mass total: 0.101472
--------------------------------------

SOR - Pressure Solver

Overrelaxation factor = 1.92

Iteration 	 Error
--------------------------------------
8	0.0134566
16	0.0179871
24	0.0150024
32	0.0128089
40	0.0111817
48	0.00993595
56	0.00853408
64	0.00776328
72	0.0071514
80	0.00656975
88	0.00601358
96	0.00552187
104	0.00507784
112	0.00468229
120	0.00432758
128	0.00400821
136	0.003719
144	0.00335183
152	0.00310189
160	0.00293682
168	0.00278529
176	0.00262384
184	0.00245975
192	0.00230475
200	0.00215942
208	0.00202456
216	0.00189836
224	0.00178124
232	0.00167229
240	0.00157088
248	0.00147639
256	0.0013883
264	0.00130608
272	0.00122929
280	0.00115751
288	0.00109035
296	0.00102747
304	0.000968545
312	0.000913299
320	0.000861467
328	0.000812807
336	0.000767091
344	0.000724144
352	0.000674764
360	0.000637409
368	0.000604019
376	0.000574832
384	0.000545402
392	0.000515514
400	0.0004874
408	0.000460327
416	0.000436101
424