0
0.00685355260084508
0.0153086106625229
0.0257016499112885
0.0384200797064826
0.0538996038124112
0.072615161278456
0.0950627418532118
0.121729340287085
0.153049066474468
0.189345415841999
0.230763236176217
0.277198813946215
0.328241651443243
0.383144770472443
0.440839105598588
0.5
0.559160894401412
0.616855229527557
0.671758348556757
0.722801186053785
0.769236763823783
0.810654584158001
0.846950933525532
0.878270659712915
0.904937258146788
0.927384838721544
0.946100396187589
0.961579920293517
0.974298350088711
0.984691389337477
0.993146447399155
1
