0.00324565
0.00324565
 0.0036079
 0.0040075
0.00444756
0.00493125
0.00546179
0.00604237
0.00667606
 0.0073657
0.00811382
0.00892248
0.00979308
 0.0107262
 0.0117214
 0.0127769
 0.0138897
 0.0150546
 0.0162651
  0.017512
 0.0187843
 0.0200686
 0.0213492
 0.0226085
 0.0238271
 0.0249842
 0.0260586
 0.0270288
 0.0278743
 0.0285762
 0.0291181
  0.029487
 0.0296738
 0.0296738
  0.029487
 0.0291181
 0.0285762
 0.0278743
 0.0270288
 0.0260586
 0.0249842
 0.0238271
 0.0226085
 0.0213492
 0.0200686
 0.0187843
  0.017512
 0.0162651
 0.0150546
 0.0138897
 0.0127769
 0.0117214
 0.0107262
0.00979308
0.00892248
0.00811382
 0.0073657
0.00667606
0.00604237
0.00546179
0.00493125
0.00444756
 0.0040075
 0.0036079
0.00324565
0.00324565