0.00324565
0.00342678
 0.0038077
0.00422753
 0.0046894
0.00519652
0.00575208
0.00635921
0.00702088
0.00773976
0.00851815
0.00935778
 0.0102596
 0.0112238
 0.0122492
 0.0133333
 0.0144722
 0.0156599
 0.0168885
 0.0181482
 0.0194265
 0.0207089
 0.0219789
 0.0232178
 0.0244057
 0.0255214
 0.0265437
 0.0274516
 0.0282253
 0.0288472
 0.0293026
 0.0295804
 0.0296738
 0.0295804
 0.0293026
 0.0288472
 0.0282253
 0.0274516
 0.0265437
 0.0255214
 0.0244057
 0.0232178
 0.0219789
 0.0207089
 0.0194265
 0.0181482
 0.0168885
 0.0156599
 0.0144722
 0.0133333
 0.0122492
 0.0112238
 0.0102596
0.00935778
0.00851815
0.00773976
0.00702088
0.00635921
0.00575208
0.00519652
 0.0046894
0.00422753
 0.0038077
0.00342678
0.00324565