        0
0.0390625
 0.078125
 0.117188
  0.15625
 0.195312
 0.234375
 0.273438
   0.3125
 0.351562
 0.390625
 0.429688
  0.46875
 0.507812
 0.546875
 0.585938
    0.625
 0.664062
 0.703125
 0.742188
  0.78125
 0.820312
 0.859375
 0.898438
   0.9375
 0.976562
  1.01562
  1.05469
  1.09375
  1.13281
  1.17188
  1.21094
     1.25
  1.28906
  1.32812
  1.36719
  1.40625
  1.44531
  1.48438
  1.52344
   1.5625
  1.60156
  1.64062
  1.67969
  1.71875
  1.75781
  1.79688
  1.83594
    1.875
  1.91406
  1.95312
  1.99219
  2.03125
  2.07031
  2.10938
  2.14844
   2.1875
  2.22656
  2.26562
  2.30469
  2.34375
  2.38281
  2.42188
  2.46094
      2.5
  2.53906
  2.57812
  2.61719
  2.65625
  2.69531
  2.73438
  2.77344
   2.8125
  2.85156
  2.89062
  2.92969
  2.96875
  3.00781
  3.04688
  3.08594
    3.125
  3.16406
  3.20312
  3.24219
  3.28125
  3.32031
  3.35938
  3.39844
   3.4375
  3.47656
  3.51562
  3.55469
  3.59375
  3.63281
  3.67188
  3.71094
     3.75
  3.78906
  3.82812
  3.86719
  3.90625
  3.94531
  3.98438
  4.02344
   4.0625
  4.10156
  4.14062
  4.17969
  4.21875
  4.25781
  4.29688
  4.33594
    4.375
  4.41406
  4.45312
  4.49219
  4.53125
  4.57031
  4.60938
  4.64844
   4.6875
  4.72656
  4.76562
  4.80469
  4.84375
  4.88281
  4.92188
  4.96094
        5