Title = "F2d" 

VARIABLES = "x" "y" "z" "u" "v" "p" 

ZONE I=34 J=34 K=1, F=POINT 

-0.00342678	-0.00342678	 0 	2.58499e-06	-2.58324e-06	-0.0198601

0.00342678	-0.00342678	 0 	-2.58499e-06	2.58324e-06	-0.0198601

0.0110811	-0.00342678	 0 	-7.93804e-06	6.49902e-06	-0.0198587

0.0205051	-0.00342678	 0 	-1.48717e-05	8.27057e-06	-0.0198738

0.0320609	-0.00342678	 0 	-2.25477e-05	6.63472e-06	-0.0199299

0.0461598	-0.00342678	 0 	-2.5553e-05	1.26561e-06	-0.0200528

0.0632574	-0.00342678	 0 	-1.41606e-05	-7.28393e-06	-0.020263

0.083839	-0.00342678	 0 	2.49659e-05	-1.79324e-05	-0.0205679

0.108396	-0.00342678	 0 	0.000107275	-2.93311e-05	-0.0209537

0.137389	-0.00342678	 0 	0.000247586	-4.00607e-05	-0.0213786

0.171197	-0.00342678	 0 	0.000456358	-4.88463e-05	-0.0217717

0.210054	-0.00342678	 0 	0.00073594	-5.47591e-05	-0.0220392

0.253981	-0.00342678	 0 	0.00107797	-5.72535e-05	-0.0220752

0.30272	-0.00342678	 0 	0.00146195	-5.59004e-05	-0.0217715

0.355693	-0.00342678	 0 	0.00185357	-4.9946e-05	-0.0210249

0.411992	-0.00342678	 0 	0.00220211	-3.81741e-05	-0.0197561

0.47042	-0.00342678	 0 	0.00244171	-1.95816e-05	-0.0179626

0.52958	-0.00342678	 0 	0.00250508	5.16982e-06	-0.0157931

0.588008	-0.00342678	 0 	0.00235242	3.25035e-05	-0.0135796

0.644307	-0.00342678	 0 	0.00200055	5.63738e-05	-0.0117479

0.69728	-0.00342678	 0 	0.00152617	7.09162e-05	-0.0106228

0.746019	-0.00342678	 0 	0.0010332	7.35198e-05	-0.0102751

0.789946	-0.00342678	 0 	0.000607732	6.56864e-05	-0.0105352

0.828803	-0.00342678	 0 	0.000292883	5.13316e-05	-0.0111317

0.862611	-0.00342678	 0 	9.16637e-05	3.45528e-05	-0.0118209

0.891604	-0.00342678	 0 	-1.64496e-05	1.84282e-05	-0.0124439

0.916161	-0.00342678	 0 	-5.97105e-05	4.86303e-06	-0.0129259

0.936743	-0.00342678	 0 	-6.44698e-05	-5.1037e-06	-0.013252

0.95384	-0.00342678	 0 	-5.10837e-05	-1.09874e-05	-0.013442

0.967939	-0.00342678	 0 	-3.31379e-05	-1.27395e-05	-0.013531

0.979495	-0.00342678	 0 	-1.81457e-05	-1.08825e-05	-0.0135569

0.988919	-0.00342678	 0 	-8.48483e-06	-6.7556e-06	-0.0135529

0.996573	-0.00342678	 0 	-2.33029e-06	-2.33065e-06	-0.0135443

1.00343	-0.00342678	 0 	2.33029e-06	2.33065e-06	-0.0135443

-0.00342678	0.00342678	 0 	-2.58499e-06	2.58324e-06	-0.0198601

0.00342678	0.00342678	 0 	2.11127e-06	-2.1103e-06	-0.0198601

0.0110811	0.00342678	 0 	1.1937e-05	-6.02858e-06	-0.0198587

0.0205051	0.00342678	 0 	3.18342e-05	-7.87442e-06	-0.0198738

0.0320609	0.00342678	 0 	5.74424e-05	-7.1976e-06	-0.0199299

0.0461598	0.00342678	 0 	7.89319e-05	-4.50148e-06	-0.0200528

0.0632574	0.00342678	 0 	8.25089e-05	-5.78163e-07	-0.020263

0.083839	0.00342678	 0 	5.15447e-05	3.84676e-06	-0.0205679

0.108396	0.00342678	 0 	-3.15803e-05	8.1705e-06	-0.0209537

0.137389	0.00342678	 0 	-0.00018246	1.19152e-05	-0.0213786

0.171197	0.00342678	 0 	-0.000410904	1.47524e-05	-0.0217717

0.210054	0.00342678	 0 	-0.00071761	1.65348e-05	-0.0220392

0.253981	0.00342678	 0 	-0.00109241	1.72679e-05	-0.0220752

0.30272	0.00342678	 0 	-0.00151358	1.69646e-05	-0.0217715

0.355693	0.00342678	 0 	-0.00194579	1.54375e-05	-0.0210249

0.411992	0.00342678	 0 	-0.00233557	1.22118e-05	-0.0197561

0.47042	0.00342678	 0 	-0.00261022	6.75534e-06	-0.0179626

0.52958	0.00342678	 0 	-0.00269145	-9.61559e-07	-0.0157931

0.588008	0.00342678	 0 	-0.00252872	-9.89545e-06	-0.0135796

0.644307	0.00342678	 0 	-0.00213585	-1.79458e-05	-0.0117479

0.69728	0.00342678	 0 	-0.00159856	-2.28978e-05	-0.0106228

0.746019	0.00342678	 0 	-0.00103793	-2.36788e-05	-0.0102751

0.789946	0.00342678	 0 	-0.000555993	-2.07721e-05	-0.0105352

0.828803	0.00342678	 0 	-0.000204413	-1.55559e-05	-0.0111317

0.862611	0.00342678	 0 	1.28084e-05	-9.43959e-06	-0.0118209

0.891604	0.00342678	 0 	0.000119615	-3.44557e-06	-0.0124439

0.916161	0.00342678	 0 	0.000149218	1.7953e-06	-0.0129259

0.936743	0.00342678	 0 	0.000132965	5.87328e-06	-0.013252

0.95384	0.00342678	 0 	9.58119e-05	8.43198e-06	-0.013442

0.967939	0.00342678	 0 	5.55169e-05	9.08153e-06	-0.013531

0.979495	0.00342678	 0 	2.335e-05	7.48353e-06	-0.0135569

0.988919	0.00342678	 0 	4.81346e-06	3.80843e-06	-0.0135529

0.996573	0.00342678	 0 	-6.23621e-07	-6.22323e-07	-0.0135443

1.00343	0.00342678	 0 	-2.33029e-06	-2.33065e-06	-0.0135443

-0.00342678	0.0110811	 0 	-6.51352e-06	7.93714e-06	-0.0198615

0.00342678	0.0110811	 0 	6.0373e-06	-1.19401e-05	-0.0198615

0.0110811	0.0110811	 0 	2.4995e-05	-2.49684e-05	-0.0198601

0.0205051	0.0110811	 0 	5.62925e-05	-3.02129e-05	-0.0198749

0.0320609	0.0110811	 0 	9.20218e-05	-2.50868e-05	-0.0199283

0.0461598	0.0110811	 0 	0.000111848	-9.84119e-06	-0.0200434

0.0632574	0.0110811	 0 	8.26574e-05	1.33245e-05	-0.0202402

0.083839	0.0110811	 0 	-3.99988e-05	4.1267e-05	-0.020527

0.108396	0.0110811	 0 	-0.000306993	7.04573e-05	-0.0208923

0.137389	0.0110811	 0 	-0.000766541	9.73924e-05	-0.0212969

0.171197	0.0110811	 0 	-0.00145207	0.000119074	-0.0216728

0.210054	0.0110811	 0 	-0.0023703	0.000133463	-0.0219282

0.253981	0.0110811	 0 	-0.00349327	0.000139504	-0.0219591

0.30272	0.0110811	 0 	-0.00475414	0.000136375	-0.0216585

0.355693	0.0110811	 0 	-0.00604146	0.000122296	-0.0209247

0.411992	0.0110811	 0 	-0.0071899	9.41293e-05	-0.0196808

0.47042	0.0110811	 0 	-0.00798294	4.90702e-05	-0.0179254

0.52958	0.0110811	 0 	-0.0081973	-1.16249e-05	-0.0158053

0.588008	0.0110811	 0 	-0.00769857	-7.92981e-05	-0.0136452

0.644307	0.0110811	 0 	-0.00653948	-0.000138799	-0.0118594

0.69728	0.0110811	 0 	-0.00497268	-0.000175151	-0.0107622

0.746019	0.0110811	 0 	-0.00334323	-0.000181533	-0.0104197

0.789946	0.0110811	 0 	-0.00193789	-0.000161619	-0.0106655

0.828803	0.0110811	 0 	-0.000900532	-0.000125243	-0.0112355

0.862611	0.0110811	 0 	-0.000241403	-8.26608e-05	-0.0118938

0.891604	0.0110811	 0 	0.000107651	-4.15281e-05	-0.0124874

0.916161	0.0110811	 0 	0.00024054	-6.57187e-06	-0.0129452

0.936743	0.0110811	 0 	0.000244968	1.95481e-05	-0.0132542

0.95384	0.0110811	 0 	0.000188943	3.53721e-05	-0.0134346

0.967939	0.0110811	 0 	0.00011822	4.02628e-05	-0.0135204

0.979495	0.0110811	 0 	5.88285e-05	3.47005e-05	-0.013547

0.988919	0.0110811	 0 	2.11742e-05	2.12102e-05	-0.0135443

0.996573	0.0110811	 0 	3.78797e-06	4.79574e-06	-0.0135357

1.00343	0.0110811	 0 	-6.74768e-06	-8.48086e-06	-0.0135357

-0.00342678	0.0205051	 0 	-8.32229e-06	1.48947e-05	-0.0198464

0.00342678	0.0205051	 0 	7.92011e-06	-3.19041e-05	-0.0198464

0.0110811	0.0205051	 0 	3.03774e-05	-5.63246e-05	-0.0198453

0.0205051	0.0205051	 0 	6.28636e-05	-6.26188e-05	-0.0198601

0.0320609	0.0205051	 0 	9.21656e-05	-4.47274e-05	-0.0199104

0.0461598	0.0205051	 0 	8.76058e-05	-7.75607e-07	-0.0200156

0.0632574	0.0205051	 0 	-2.62182e-06	6.6286e-05	-0.0201936

0.083839	0.0205051	 0 	-0.000251649	0.00014944	-0.0204538

0.108396	0.0205051	 0 	-0.000746873	0.000238903	-0.0207874

0.137389	0.0205051	 0 	-0.00157434	0.00032372	-0.0211598

0.171197	0.0205051	 0 	-0.00279658	0.000393665	-0.0215075

0.210054	0.0205051	 0 	-0.00442962	0.000441022	-0.021743

0.253981	0.0205051	 0 	-0.00642618	0.000461003	-0.0217655

0.30272	0.0205051	 0 	-0.00866609	0.000449791	-0.0214703

0.355693	0.0205051	 0 	-0.0109464	0.000401194	-0.0207587

0.411992	0.0205051	 0 	-0.0129687	0.000305663	-0.019557

0.47042	0.0205051	 0 	-0.0143498	0.000155678	-0.0178656

0.52958	0.0205051	 0 	-0.0147037	-4.2891e-05	-0.0158274

0.588008	0.0205051	 0 	-0.0138075	-0.000261205	-0.0137546

0.644307	0.0205051	 0 	-0.0117652	-0.00045133	-0.0120433

0.69728	0.0205051	 0 	-0.00902121	-0.000567162	-0.0109909

0.746019	0.0205051	 0 	-0.00617178	-0.00058833	-0.0106572

0.789946	0.0205051	 0 	-0.00370867	-0.000526791	-0.0108805

0.828803	0.0205051	 0 	-0.00187761	-0.000413555	-0.0114087

0.862611	0.0205051	 0 	-0.000695482	-0.000281161	-0.0120185

0.891604	0.0205051	 0 	-4.49918e-05	-0.000154098	-0.0125664

0.916161	0.0205051	 0 	0.000234839	-4.74081e-05	-0.0129873

0.936743	0.0205051	 0 	0.000293224	3.10833e-05	-0.0132709

0.95384	0.0205051	 0 	0.000243956	7.84161e-05	-0.0134373

0.967939	0.0205051	 0 	0.000161343	9.53282e-05	-0.0135183

0.979495	0.0205051	 0 	8.60457e-05	8.61529e-05	-0.0135446

0.988919	0.0205051	 0 	3.45509e-05	5.87926e-05	-0.0135417

0.996573	0.0205051	 0 	7.41435e-06	2.32178e-05	-0.0135317

1.00343	0.0205051	 0 	-1.08702e-05	-1.81298e-05	-0.0135317

-0.00342678	0.0320609	 0 	-6.74873e-06	2.26551e-05	-0.0197901

0.00342678	0.0320609	 0 	7.32763e-06	-5.78053e-05	-0.0197901

0.0110811	0.0320609	 0 	2.55258e-05	-9.24009e-05	-0.0197918

0.0205051	0.0320609	 0 	4.54514e-05	-9.2094e-05	-0.0198101

0.0320609	0.0320609	 0 	4.66382e-05	-4.5929e-05	-0.0198607

0.0461598	0.0320609	 0 	-1.28352e-05	5.20829e-05	-0.0199594

0.0632574	0.0320609	 0 	-0.000203236	0.000199702	-0.0201216

0.083839	0.0320609	 0 	-0.000626184	0.000385183	-0.0203563

0.108396	0.0320609	 0 	-0.0014071	0.00058856	-0.0206571

0.137389	0.0320609	 0 	-0.00267368	0.000785052	-0.0209942

0.171197	0.0320609	 0 	-0.00452262	0.000949872	-0.0213097

0.210054	0.0320609	 0 	-0.00698291	0.00106295	-0.0215219

0.253981	0.0320609	 0 	-0.00998687	0.00111064	-0.0215345

0.30272	0.0320609	 0 	-0.0133525	0.0010819	-0.0212466

0.355693	0.0320609	 0 	-0.0167686	0.000961293	-0.020563

0.411992	0.0320609	 0 	-0.0197811	0.000727168	-0.0194134

0.47042	0.0320609	 0 	-0.0218169	0.000364266	-0.0177992

0.52958	0.0320609	 0 	-0.0223118	-0.000110546	-0.0158574

0.588008	0.0320609	 0 	-0.0209531	-0.000627575	-0.0138856

0.644307	0.0320609	 0 	-0.0179102	-0.00107489	-0.0122588

0.69728	0.0320609	 0 	-0.013843	-0.00134692	-0.0112571

0.746019	0.0320609	 0 	-0.00962312	-0.00139819	-0.0109334

0.789946	0.0320609	 0 	-0.00596477	-0.00125736	-0.0111325

0.828803	0.0320609	 0 	-0.00322406	-0.000996777	-0.0116157

0.862611	0.0320609	 0 	-0.00142554	-0.000692444	-0.0121736

0.891604	0.0320609	 0 	-0.000399493	-0.00040172	-0.0126735

0.916161	0.0320609	 0 	8.63721e-05	-0.000159441	-0.0130568

0.936743	0.0320609	 0 	0.000245732	1.75864e-05	-0.0133156

0.95384	0.0320609	 0 	0.000239332	0.000125368	-0.0134692

0.967939	0.0320609	 0 	0.000170471	0.00016926	-0.0135457

0.979495	0.0320609	 0 	9.57212e-05	0.00016148	-0.0135715

0.988919	0.0320609	 0 	4.01645e-05	0.000118092	-0.0135682

0.996573	0.0320609	 0 	8.96994e-06	5.51135e-05	-0.0135571

1.00343	0.0320609	 0 	-1.28019e-05	-3.3153e-05	-0.0135571

-0.00342678	0.0461598	 0 	-1.39811e-06	2.58122e-05	-0.0196661

0.00342678	0.0461598	 0 	4.7433e-06	-8.00476e-05	-0.0196661

0.0110811	0.0461598	 0 	1.05166e-05	-0.000113031	-0.0196758

0.0205051	0.0461598	 0 	1.57424e-06	-8.79125e-05	-0.0197048

0.0320609	0.0461598	 0 	-5.20762e-05	1.35006e-05	-0.0197632

0.0461598	0.0461598	 0 	-0.00020505	0.000203555	-0.0198631

0.0632574	0.0461598	 0 	-0.00054653	0.00048262	-0.0200168

0.083839	0.0461598	 0 	-0.00120599	0.000834207	-0.0202322

0.108396	0.0461598	 0 	-0.00234643	0.00122447	-0.0205043

0.137389	0.0461598	 0 	-0.00413855	0.00160711	-0.0208074

0.171197	0.0461598	 0 	-0.00671649	0.00193263	-0.0210901

0.210054	0.0461598	 0 	-0.0101253	0.0021583	-0.0212777

0.253981	0.0461598	 0 	-0.014276	0.00225287	-0.0212801

0.30272	0.0461598	 0 	-0.0189164	0.00219071	-0.0210018

0.355693	0.0461598	 0 	-0.0236103	0.0019395	-0.0203517

0.411992	0.0461598	 0 	-0.0277252	0.00145774	-0.0192625

0.47042	0.0461598	 0 	-0.0304767	0.000719487	-0.0177348

0.52958	0.0461598	 0 	-0.0311097	-0.000236448	-0.0158976

0.588008	0.0461598	 0 	-0.0292244	-0.00126874	-0.014032

0.644307	0.0461598	 0 	-0.0250703	-0.00215697	-0.0124922

0.69728	0.0461598	 0 	-0.0195429	-0.00269678	-0.0115417

0.746019	0.0461598	 0 	-0.0138078	-0.00280226	-0.0112288

0.789946	0.0461598	 0 	-0.00881526	-0.00253124	-0.0114054

0.828803	0.0461598	 0 	-0.00503968	-0.00202616	-0.0118462

0.862611	0.0461598	 0 	-0.00251605	-0.00143657	-0.012356

0.891604	0.0461598	 0 	-0.00102194	-0.000875167	-0.0128127

0.916161	0.0461598	 0 	-0.000252775	-0.000409311	-0.0131638

0.936743	0.0461598	 0 	6.99364e-05	-6.90017e-05	-0.0134033

0.95384	0.0461598	 0 	0.000154032	0.000142384	-0.0135486

0.967939	0.0461598	 0 	0.000132942	0.000239206	-0.0136244

0.979495	0.0461598	 0 	8.15492e-05	0.000245871	-0.0136529

0.988919	0.0461598	 0 	3.6067e-05	0.000189665	-0.0136531

0.996573	0.0461598	 0 	8.39161e-06	9.52672e-05	-0.0136444

1.00343	0.0461598	 0 	-1.14036e-05	-5.14791e-05	-0.0136444

-0.00342678	0.0632574	 0 	7.39309e-06	1.43571e-05	-0.0194517

0.00342678	0.0632574	 0 	8.70658e-07	-8.48071e-05	-0.0194517

0.0110811	0.0632574	 0 	-1.30236e-05	-8.43357e-05	-0.0194757

0.0205051	0.0632574	 0 	-6.75572e-05	3.5583e-06	-0.0195251

0.0320609	0.0632574	 0 	-0.000205719	0.000206884	-0.019602

0.0461598	0.0632574	 0 	-0.000497212	0.000546877	-0.0197139

0.0632574	0.0632574	 0 	-0.00105148	0.00102861	-0.0198701

0.083839	0.0632574	 0 	-0.00202543	0.00163138	-0.0200761

0.108396	0.0632574	 0 	-0.00361764	0.00230429	-0.0203273

0.137389	0.0632574	 0 	-0.00604001	0.00297121	-0.0206011

0.171197	0.0632574	 0 	-0.009464	0.00354513	-0.0208529

0.210054	0.0632574	 0 	-0.0139516	0.00394616	-0.0210162

0.253981	0.0632574	 0 	-0.0193914	0.0041118	-0.0210094

0.30272	0.0632574	 0 	-0.0254535	0.0039897	-0.0207442

0.355693	0.0632574	 0 	-0.0315611	0.00351908	-0.0201343

0.411992	0.0632574	 0 	-0.0368827	0.00262835	-0.0191143

0.47042	0.0632574	 0 	-0.0404044	0.00127886	-0.0176815

0.52958	0.0632574	 0 	-0.0411732	-0.000451026	-0.0159543

0.588008	0.0632574	 0 	-0.0387066	-0.00230453	-0.0141956

0.644307	0.0632574	 0 	-0.0333466	-0.00389206	-0.0127399

0.69728	0.0632574	 0 	-0.0262372	-0.00485807	-0.0118377

0.746019	0.0632574	 0 	-0.018849	-0.00505637	-0.0115355

0.789946	0.0632574	 0 	-0.0123791	-0.0045914	-0.0116934

0.828803	0.0632574	 0 	-0.0074292	-0.0037148	-0.0120991

0.862611	0.0632574	 0 	-0.00405127	-0.00269038	-0.0125699

0.891604	0.0632574	 0 	-0.00197437	-0.00171633	-0.0129936

0.916161	0.0632574	 0 	-0.00082455	-0.000908706	-0.0133228

0.936743	0.0632574	 0 	-0.000260303	-0.000315332	-0.0135525

0.95384	0.0632574	 0 	-2.66474e-05	6.35041e-05	-0.013698

0.967939	0.0632574	 0 	4.20351e-05	0.000256231	-0.0137807

0.979495	0.0632574	 0 	4.18522e-05	0.000304427	-0.0138196

0.988919	0.0632574	 0 	2.27549e-05	0.000251089	-0.0138312

0.996573	0.0632574	 0 	6.19955e-06	0.000133825	-0.0138303

1.00343	0.0632574	 0 	-6.49989e-06	-6.66515e-05	-0.0138303

-0.00342678	0.083839	 0 	1.89825e-05	-2.63348e-05	-0.0191352

0.00342678	0.083839	 0 	-3.74429e-06	-5.42154e-05	-0.0191352

0.0110811	0.083839	 0 	-4.31021e-05	4.22641e-05	-0.0191794

0.0205051	0.083839	 0 	-0.000158381	0.000263066	-0.0192593

0.0320609	0.083839	 0 	-0.000410328	0.00064735	-0.0193666

0.0461598	0.083839	 0 	-0.000887763	0.00122685	-0.0195036

0.0632574	0.083839	 0 	-0.00172335	0.00201276	-0.0196762

0.083839	0.083839	 0 	-0.0031021	0.00298039	-0.0198865

0.108396	0.083839	 0 	-0.00525565	0.00405886	-0.0201284

0.137389	0.083839	 0 	-0.00843232	0.00513383	-0.0203819

0.171197	0.083839	 0 	-0.0128362	0.00606629	-0.0206084

0.210054	0.083839	 0 	-0.0185433	0.0067206	-0.020751

0.253981	0.083839	 0 	-0.0254165	0.00698361	-0.0207384

0.30272	0.083839	 0 	-0.0330421	0.00675797	-0.0204916

0.355693	0.083839	 0 	-0.0406904	0.00593748	-0.0199298

0.411992	0.083839	 0 	-0.0473158	0.00440736	-0.0189881

0.47042	0.083839	 0 	-0.0516631	0.00211609	-0.0176568

0.52958	0.083839	 0 	-0.0525778	-0.00079215	-0.0160399

0.588008	0.083839	 0 	-0.0494988	-0.00388579	-0.0143813

0.644307	0.083839	 0 	-0.0428644	-0.00652681	-0.012999

0.69728	0.083839	 0 	-0.0340684	-0.00814097	-0.0121363

0.746019	0.083839	 0 	-0.0248902	-0.00849601	-0.0118429

0.789946	0.083839	 0 	-0.0167846	-0.00776504	-0.0119882

0.828803	0.083839	 0 	-0.0104955	-0.00635949	-0.0123711

0.862611	0.083839	 0 	-0.00610502	-0.00471047	-0.0128189

0.891604	0.083839	 0 	-0.00330394	-0.00314037	-0.0132266

0.916161	0.083839	 0 	-0.00165529	-0.00183433	-0.0135504

0.936743	0.083839	 0 	-0.000757052	-0.000863703	-0.0137852

0.95384	0.083839	 0 	-0.000306034	-0.000223108	-0.013944

0.967939	0.083839	 0 	-0.000101065	0.00013557	-0.0140451

0.979495	0.083839	 0 	-2.08626e-05	0.000277123	-0.0141054

0.988919	0.083839	 0 	2.07771e-06	0.000265861	-0.0141377

0.996573	0.083839	 0 	3.01215e-06	0.000156905	-0.0141506

1.00343	0.083839	 0 	1.42777e-06	-6.77464e-05	-0.0141506

-0.00342678	0.108396	 0 	3.27129e-05	-0.000115488	-0.0187245

0.00342678	0.108396	 0 	-8.76794e-06	3.36956e-05	-0.0187245

0.0110811	0.108396	 0 	-7.79723e-05	0.000330155	-0.018794

0.0205051	0.108396	 0 	-0.000266537	0.000799699	-0.0189134

0.0320609	0.108396	 0 	-0.000658234	0.00149193	-0.0190626

0.0461598	0.108396	 0 	-0.00136647	0.00244815	-0.0192383

0.0632574	0.108396	 0 	-0.00255216	0.00368443	-0.0194423

0.083839	0.108396	 0 	-0.0044312	0.00517011	-0.0196728

0.108396	0.108396	 0 	-0.00726684	0.0068103	-0.019921

0.137389	0.108396	 0 	-0.0113376	0.00844385	-0.0201674

0.171197	0.108396	 0 	-0.0168712	0.00986473	-0.0203789

0.210054	0.108396	 0 	-0.0239491	0.0108604	-0.0205086

0.253981	0.108396	 0 	-0.0324032	0.0112426	-0.0204975

0.30272	0.108396	 0 	-0.0417304	0.0108438	-0.0202775

0.355693	0.108396	 0 	-0.0510421	0.00948915	-0.019774

0.411992	0.108396	 0 	-0.0590717	0.0070044	-0.0189195

0.47042	0.108396	 0 	-0.0643184	0.00332721	-0.017693

0.52958	0.108396	 0 	-0.0654257	-0.0012968	-0.0161795

0.588008	0.108396	 0 	-0.0617495	-0.00618616	-0.0146034

0.644307	0.108396	 0 	-0.0538111	-0.010356	-0.0132718

0.69728	0.108396	 0 	-0.0432382	-0.0129284	-0.0124302

0.746019	0.108396	 0 	-0.0321181	-0.0135493	-0.0121391

0.789946	0.108396	 0 	-0.0221813	-0.0124845	-0.0122791

0.828803	0.108396	 0 	-0.014342	-0.0103665	-0.012657

0.862611	0.108396	 0 	-0.00873812	-0.00786007	-0.0131052

0.891604	0.108396	 0 	-0.00503869	-0.0054608	-0.0135219

0.916161	0.108396	 0 	-0.0027519	-0.00344913	-0.0138637

0.936743	0.108396	 0 	-0.00141611	-0.00192836	-0.014124

0.95384	0.108396	 0 	-0.000675997	-0.000885947	-0.0143134

0.967939	0.108396	 0 	-0.000288729	-0.000248628	-0.0144474

0.979495	0.108396	 0 	-0.000101542	7.77818e-05	-0.0145409

0.988919	0.108396	 0 	-2.36263e-05	0.000184296	-0.0146033

0.996573	0.108396	 0 	-6.22792e-07	0.00014747	-0.0146352

1.00343	0.108396	 0 	1.15995e-05	-3.96329e-05	-0.0146352

-0.00342678	0.137389	 0 	4.80324e-05	-0.000276569	-0.0182592

0.00342678	0.137389	 0 	-1.40355e-05	0.000204887	-0.0182592

0.0110811	0.137389	 0 	-0.000116323	0.000856425	-0.0183578

0.0205051	0.137389	 0 	-0.000387909	0.00174872	-0.0185238

0.0320609	0.137389	 0 	-0.000940436	0.00293921	-0.0187247

0.0461598	0.137389	 0 	-0.00191777	0.00447445	-0.0189509

0.0632574	0.137389	 0 	-0.00351548	0.00636955	-0.0192006

0.083839	0.137389	 0 	-0.0059855	0.00858098	-0.0194675

0.108396	0.137389	 0 	-0.00962372	0.0109818	-0.019739

0.137389	0.137389	 0 	-0.0147335	0.0133535	-0.0199948

0.171197	0.137389	 0 	-0.0215555	0.0154082	-0.0202062

0.210054	0.137389	 0 	-0.0301641	0.0168352	-0.0203362

0.253981	0.137389	 0 	-0.0403508	0.0173438	-0.0203393

0.30272	0.137389	 0 	-0.0515205	0.0166662	-0.0201595

0.355693	0.137389	 0 	-0.0626273	0.0145297	-0.0197275

0.411992	0.137389	 0 	-0.0721882	0.0106802	-0.01897

0.47042	0.137389	 0 	-0.0784617	0.00504779	-0.0178482

0.52958	0.137389	 0 	-0.0798854	-0.00197864	-0.0164223

0.588008	0.137389	 0 	-0.0757093	-0.00938084	-0.0148973

0.644307	0.137389	 0 	-0.0664948	-0.015711	-0.0135773

0.69728	0.137389	 0 	-0.0540651	-0.0196803	-0.0127233

0.746019	0.137389	 0 	-0.0408115	-0.0207584	-0.0124182

0.789946	0.137389	 0 	-0.0287774	-0.0193204	-0.0125574

0.828803	0.137389	 0 	-0.0191004	-0.0162893	-0.0129511

0.862611	0.137389	 0 	-0.0120179	-0.0126447	-0.0134298

0.891604	0.137389	 0 	-0.00720191	-0.00911863	-0.0138874

0.916161	0.137389	 0 	-0.00411312	-0.00612282	-0.014277

0.936743	0.137389	 0 	-0.00222625	-0.00380724	-0.0145883

0.95384	0.137389	 0 	-0.00112424	-0.00215434	-0.0148286

0.967939	0.137389	 0 	-0.000511809	-0.00106239	-0.0150112

0.979495	0.137389	 0 	-0.000195084	-0.000402959	-0.0151497

0.988919	0.137389	 0 	-5.23317e-05	-5.38317e-05	-0.0152505

0.996573	0.137389	 0 	-4.3098e-06	8.6575e-05	-0.0153056

1.00343	0.137389	 0 	2.32836e-05	3.63034e-05	-0.0153056

-0.00342678	0.171197	 0 	6.44962e-05	-0.000536381	-0.0178242

0.00342678	0.171197	 0 	-1.94811e-05	0.000488747	-0.0178242

0.0110811	0.171197	 0 	-0.00015719	0.00170904	-0.0179548

0.0205051	0.171197	 0 	-0.000518887	0.00326562	-0.0181726

0.0320609	0.171197	 0 	-0.00124788	0.00521982	-0.0184321

0.0461598	0.171197	 0 	-0.00252358	0.00761586	-0.0187181

0.0632574	0.171197	 0 	-0.00458255	0.0104566	-0.019025

0.083839	0.171197	 0 	-0.00771909	0.0136717	-0.0193423

0.108396	0.171197	 0 	-0.0122654	0.0170867	-0.019653

0.137389	0.171197	 0 	-0.0185478	0.0204108	-0.0199357

0.171197	0.171197	 0 	-0.0268103	0.023258	-0.0201653

0.210054	0.171197	 0 	-0.0371078	0.0252	-0.0203145

0.253981	0.171197	 0 	-0.0491822	0.0258188	-0.0203514

0.30272	0.171197	 0 	-0.0623467	0.0247149	-0.0202321

0.355693	0.171197	 0 	-0.0754108	0.0214847	-0.0198907

0.411992	0.171197	 0 	-0.0866934	0.0157698	-0.019243

0.47042	0.171197	 0 	-0.0942252	0.00749089	-0.018224

0.52958	0.171197	 0 	-0.0962253	-0.00278066	-0.0168617

0.588008	0.171197	 0 	-0.091783	-0.013602	-0.0153401

0.644307	0.171197	 0 	-0.0814134	-0.0229331	-0.01397

0.69728	0.171197	 0 	-0.0670635	-0.0289356	-0.013046

0.746019	0.171197	 0 	-0.0514241	-0.0308093	-0.0126908

0.789946	0.171197	 0 	-0.0369178	-0.0290306	-0.0128224

0.828803	0.171197	 0 	-0.0249981	-0.0248832	-0.0132503

0.862611	0.171197	 0 	-0.016074	-0.0197613	-0.0137921

0.891604	0.171197	 0 	-0.00985611	-0.0147191	-0.0143281

0.916161	0.171197	 0 	-0.00576248	-0.010355	-0.0148005

0.936743	0.171197	 0 	-0.00319225	-0.00689328	-0.015192

0.95384	0.171197	 0 	-0.00164884	-0.00432167	-0.015506

0.967939	0.171197	 0 	-0.000767466	-0.00251099	-0.015754

0.979495	0.171197	 0 	-0.000299644	-0.0012956	-0.0159494

0.988919	0.171197	 0 	-8.32694e-05	-0.000517694	-0.0160964

0.996573	0.171197	 0 	-7.89458e-06	-4.59585e-05	-0.0161786

1.00343	0.171197	 0 	3.62022e-05	0.000181715	-0.0161786

-0.00342678	0.210054	 0 	8.16704e-05	-0.000923193	-0.0175669

0.00342678	0.210054	 0 	-2.50578e-05	0.000916464	-0.0175669

0.0110811	0.210054	 0 	-0.000199652	0.00298094	-0.0177312

0.0205051	0.210054	 0 	-0.000655814	0.00551457	-0.0180039

0.0320609	0.210054	 0 	-0.0015709	0.00857776	-0.0183264

0.0461598	0.210054	 0 	-0.00316329	0.0122021	-0.0186778

0.0632574	0.210054	 0 	-0.00571529	0.0163621	-0.0190495

0.083839	0.210054	 0 	-0.00956926	0.0209386	-0.019427

0.108396	0.210054	 0 	-0.0150986	0.025686	-0.0197898

0.137389	0.210054	 0 	-0.0226539	0.0302181	-0.0201157

0.171197	0.210054	 0 	-0.032479	0.0340321	-0.0203835

0.210054	0.210054	 0 	-0.0446017	0.0365661	-0.0205759

0.253981	0.210054	 0 	-0.0587103	0.0372559	-0.0206744

0.30272	0.210054	 0 	-0.0740358	0.0355443	-0.0206462

0.355693	0.210054	 0 	-0.0892684	0.0308643	-0.0204254

0.411992	0.210054	 0 	-0.102564	0.022722	-0.0199092

0.47042	0.210054	 0 	-0.111747	0.0110135	-0.0189954

0.52958	0.210054	 0 	-0.11479	-0.00349106	-0.0176682

0.588008	0.210054	 0 	-0.110528	-0.0188558	-0.0160854

0.644307	0.210054	 0 	-0.0992856	-0.0323138	-0.0145731

0.69728	0.210054	 0 	-0.0830137	-0.0412941	-0.0134825

0.746019	0.210054	 0 	-0.0646846	-0.0445598	-0.0130037

0.789946	0.210054	 0 	-0.0471972	-0.0426218	-0.0130936

0.828803	0.210054	 0 	-0.0324673	-0.0371801	-0.0135596

0.862611	0.210054	 0 	-0.0211921	-0.030169	-0.0141933

0.891604	0.210054	 0 	-0.0131759	-0.0230899	-0.0148465

0.916161	0.210054	 0 	-0.00780023	-0.016818	-0.0154406

0.936743	0.210054	 0 	-0.00436857	-0.0117041	-0.015946

0.95384	0.210054	 0 	-0.00227768	-0.00776526	-0.0163603

0.967939	0.210054	 0 	-0.0010688	-0.00485231	-0.0166939

0.979495	0.210054	 0 	-0.000420518	-0.00276055	-0.0169608

0.988919	0.210054	 0 	-0.000118021	-0.00129048	-0.0171641

0.996573	0.210054	 0 	-1.15719e-05	-0.000273362	-0.0172785

1.00343	0.210054	 0 	5.09991e-05	0.000422818	-0.0172785

-0.00342678	0.253981	 0 	9.89455e-05	-0.00146322	-0.0177128

0.00342678	0.253981	 0 	-3.06473e-05	0.00151738	-0.0177128

0.0110811	0.253981	 0 	-0.000242327	0.00475849	-0.017911

0.0205051	0.253981	 0 	-0.000793631	0.00864736	-0.0182392

0.0320609	0.253981	 0 	-0.00189656	0.0132379	-0.0186255

0.0461598	0.253981	 0 	-0.00380959	0.018537	-0.019044

0.0632574	0.253981	 0 	-0.00686286	0.0244702	-0.0194834

0.083839	0.253981	 0 	-0.0114499	0.0308425	-0.0199263

0.108396	0.253981	 0 	-0.0179893	0.037305	-0.0203499

0.137389	0.253981	 0 	-0.0268597	0.0433463	-0.0207326

0.171197	0.253981	 0 	-0.0383072	0.0483245	-0.0210595

0.210054	0.253981	 0 	-0.0523345	0.0515315	-0.0213244

0.253981	0.253981	 0 	-0.0685841	0.0522487	-0.021523

0.30272	0.253981	 0 	-0.0862276	0.0497473	-0.0216319

0.355693	0.253981	 0 	-0.10388	0.0432699	-0.0215811

0.411992	0.253981	 0 	-0.11959	0.0321471	-0.0212399

0.47042	0.253981	 0 	-0.131005	0.016205	-0.0204532

0.52958	0.253981	 0 	-0.135824	-0.00362032	-0.0191412

0.588008	0.253981	 0 	-0.132491	-0.0248826	-0.0174204

0.644307	0.253981	 0 	-0.120937	-0.0439692	-0.0156348

0.69728	0.253981	 0 	-0.102924	-0.0573356	-0.0142202

0.746019	0.253981	 0 	-0.081636	-0.0630235	-0.0134767

0.789946	0.253981	 0 	-0.0605529	-0.0613962	-0.0134342

0.828803	0.253981	 0 	-0.0422569	-0.0545776	-0.0139057

0.862611	0.253981	 0 	-0.0279169	-0.0451945	-0.0146427

0.891604	0.253981	 0 	-0.0175295	-0.035384	-0.0154478

0.916161	0.253981	 0 	-0.01046	-0.0264483	-0.0162054

0.936743	0.253981	 0 	-0.00589455	-0.0189584	-0.0168647

0.95384	0.253981	 0 	-0.00308795	-0.0130079	-0.0174138

0.967939	0.253981	 0 	-0.00145433	-0.00844344	-0.0178607

0.979495	0.253981	 0 	-0.000573923	-0.00502041	-0.0182213

0.988919	0.253981	 0 	-0.000161599	-0.00248831	-0.0184973

0.996573	0.253981	 0 	-1.59977e-05	-0.000628677	-0.0186531

1.00343	0.253981	 0 	6.96985e-05	0.000796082	-0.0186531

-0.00342678	0.30272	 0 	0.000115281	-0.00217448	-0.0185708

0.00342678	0.30272	 0 	-3.59549e-05	0.00231212	-0.0185708

0.0110811	0.30272	 0 	-0.000282707	0.00710137	-0.018801

0.0205051	0.30272	 0 	-0.00092392	0.0127679	-0.0191816

0.0320609	0.30272	 0 	-0.00220442	0.0193534	-0.0196284

0.0461598	0.30272	 0 	-0.00442097	0.0268264	-0.0201108

0.0632574	0.30272	 0 	-0.00794985	0.0350418	-0.0206158

0.083839	0.30272	 0 	-0.013235	0.0436978	-0.021124

0.108396	0.30272	 0 	-0.0207413	0.0523062	-0.0216128

0.137389	0.30272	 0 	-0.0308789	0.0601967	-0.0220643

0.171197	0.30272	 0 	-0.0439028	0.0665654	-0.0224728

0.210054	0.30272	 0 	-0.0598014	0.0705513	-0.022847

0.253981	0.30272	 0 	-0.0781924	0.0712863	-0.0231991

0.30272	0.30272	 0 	-0.0982277	0.0678736	-0.023516

0.355693	0.30272	 0 	-0.118513	0.0593494	-0.0237198

0.411992	0.30272	 0 	-0.137068	0.044819	-0.0236421

0.47042	0.30272	 0 	-0.15143	0.0239491	-0.023053

0.52958	0.30272	 0 	-0.159005	-0.00227125	-0.021775

0.588008	0.30272	 0 	-0.15772	-0.0309626	-0.0198471

0.644307	0.30272	 0 	-0.146857	-0.0576034	-0.0176172

0.69728	0.30272	 0 	-0.127697	-0.0773953	-0.0156335

0.746019	0.30272	 0 	-0.103448	-0.0872185	-0.0143704

0.789946	0.30272	 0 	-0.0782037	-0.0869069	-0.0139965

0.828803	0.30272	 0 	-0.0554488	-0.0788935	-0.0143623

0.862611	0.30272	 0 	-0.0370994	-0.0666533	-0.0151695

0.891604	0.30272	 0 	-0.0235259	-0.0532312	-0.0161437

0.916161	0.30272	 0 	-0.0141449	-0.0406013	-0.0171062

0.936743	0.30272	 0 	-0.00801774	-0.0297178	-0.0179679

0.95384	0.30272	 0 	-0.00421932	-0.0208361	-0.0186984

0.967939	0.30272	 0 	-0.00199445	-0.0138322	-0.0193003

0.979495	0.30272	 0 	-0.000789648	-0.00842378	-0.0197901

0.988919	0.30272	 0 	-0.000223221	-0.00429758	-0.0201673

0.996573	0.30272	 0 	-2.2377e-05	-0.00116799	-0.0203811

1.00343	0.30272	 0 	9.60289e-05	0.00135946	-0.0203811

-0.00342678	0.355693	 0 	0.000128992	-0.00305768	-0.0205127

0.00342678	0.355693	 0 	-4.04207e-05	0.00330176	-0.0205127

0.0110811	0.355693	 0 	-0.000316602	0.010012	-0.0207697

0.0205051	0.355693	 0 	-0.00103325	0.0178802	-0.0211943

0.0320609	0.355693	 0 	-0.0024629	0.0269297	-0.0216922

0.0461598	0.355693	 0 	-0.00493491	0.0370785	-0.0222292

0.0632574	0.355693	 0 	-0.00886543	0.048089	-0.0227917

0.083839	0.355693	 0 	-0.0147427	0.0595228	-0.0233605

0.108396	0.355693	 0 	-0.0230738	0.0707177	-0.0239157

0.137389	0.355693	 0 	-0.0343	0.0808118	-0.0244473

0.171197	0.355693	 0 	-0.0486898	0.0888197	-0.0249641

0.210054	0.355693	 0 	-0.0662307	0.0937291	-0.0254954

0.253981	0.355693	 0 	-0.0865414	0.0945449	-0.026076

0.30272	0.355693	 0 	-0.108805	0.0902292	-0.026708

0.355693	0.355693	 0 	-0.1317	0.0796149	-0.0273079

0.411992	0.355693	 0 	-0.153336	0.0615295	-0.0276614

0.47042	0.355693	 0 	-0.171256	0.0353459	-0.0274374

0.52958	0.355693	 0 	-0.182637	0.00189591	-0.0263068

0.588008	0.355693	 0 	-0.184831	-0.0357228	-0.0241615

0.644307	0.355693	 0 	-0.176239	-0.0721522	-0.0213024

0.69728	0.355693	 0 	-0.157272	-0.101103	-0.0184019

0.746019	0.355693	 0 	-0.130757	-0.117722	-0.0161937

0.789946	0.355693	 0 	-0.101225	-0.120646	-0.0151017

0.828803	0.355693	 0 	-0.0732269	-0.112236	-0.015095

0.862611	0.355693	 0 	-0.0497882	-0.096877	-0.015839

0.891604	0.355693	 0 	-0.0319716	-0.0788643	-0.0169497

0.916161	0.355693	 0 	-0.0194126	-0.0612207	-0.0181432

0.936743	0.355693	 0 	-0.01109	-0.045559	-0.0192605

0.95384	0.355693	 0 	-0.00587376	-0.0324539	-0.0202339

0.967939	0.355693	 0 	-0.00279209	-0.0218791	-0.0210511

0.979495	0.355693	 0 	-0.00111159	-0.0135319	-0.021725

0.988919	0.355693	 0 	-0.000316572	-0.00702626	-0.0222492

0.996573	0.355693	 0 	-3.25266e-05	-0.00198894	-0.022548

1.00343	0.355693	 0 	0.000135501	0.00220775	-0.022548

-0.00342678	0.411992	 0 	0.00013786	-0.0040858	-0.023905

0.00342678	0.411992	 0 	-4.3242e-05	0.00445514	-0.023905

0.0110811	0.411992	 0 	-0.000338397	0.013401	-0.0241795

0.0205051	0.411992	 0 	-0.00110409	0.0238293	-0.0246332

0.0320609	0.411992	 0 	-0.0026315	0.0357414	-0.0251656

0.0461598	0.411992	 0 	-0.00527244	0.0489941	-0.0257411

0.0632574	0.411992	 0 	-0.00947098	0.0632406	-0.0263468

0.083839	0.411992	 0 	-0.0157469	0.0778805	-0.0269665

0.108396	0.411992	 0 	-0.0246372	0.0920478	-0.0275864

0.137389	0.411992	 0 	-0.036604	0.104661	-0.0282091

0.171197	0.411992	 0 	-0.0519228	0.11454	-0.0288643

0.210054	0.411992	 0 	-0.0705795	0.120534	-0.0296103

0.253981	0.411992	 0 	-0.0922075	0.121563	-0.0305154

0.30272	0.411992	 0 	-0.116063	0.116506	-0.0316103

0.355693	0.411992	 0 	-0.140989	0.104034	-0.0328172

0.411992	0.411992	 0 	-0.165337	0.0826637	-0.0338784

0.47042	0.411992	 0 	-0.186859	0.0513287	-0.0343358

0.52958	0.411992	 0 	-0.20272	0.0104177	-0.0336392

0.588008	0.411992	 0 	-0.209825	-0.0371293	-0.0314203

0.644307	0.411992	 0 	-0.205611	-0.0854286	-0.0278193

0.69728	0.411992	 0 	-0.189202	-0.126691	-0.0235928

0.746019	0.411992	 0 	-0.16239	-0.153789	-0.0198158

0.789946	0.411992	 0 	-0.129568	-0.163215	-0.017341

0.828803	0.411992	 0 	-0.0962314	-0.156402	-0.0164241

0.862611	0.411992	 0 	-0.0668529	-0.138382	-0.0167703

0.891604	0.411992	 0 	-0.0436675	-0.115006	-0.0178654

0.916161	0.411992	 0 	-0.0268734	-0.0908605	-0.019261

0.936743	0.411992	 0 	-0.0155194	-0.0686622	-0.0206723

0.95384	0.411992	 0 	-0.00829436	-0.0495883	-0.0219572

0.967939	0.411992	 0 	-0.00397448	-0.0338551	-0.0230672

0.979495	0.411992	 0 	-0.00159522	-0.0211938	-0.0240016

0.988919	0.411992	 0 	-0.000459378	-0.0111512	-0.024739

0.996573	0.411992	 0 	-4.89328e-05	-0.00324927	-0.0251632

1.00343	0.411992	 0 	0.000195135	0.00348656	-0.0251632

-0.00342678	0.47042	 0 	0.000140022	-0.00519904	-0.0289874

0.00342678	0.47042	 0 	-4.3678e-05	0.00570216	-0.0289874

0.0110811	0.47042	 0 	-0.000343282	0.0170696	-0.029267

0.0205051	0.47042	 0 	-0.00112187	0.0302736	-0.0297298

0.0320609	0.47042	 0 	-0.00267708	0.0452921	-0.0302749

0.0461598	0.47042	 0 	-0.00536929	0.0619159	-0.0308674

0.0632574	0.47042	 0 	-0.00965336	0.0796772	-0.0314971

0.083839	0.47042	 0 	-0.01606	0.0977953	-0.0321528

0.108396	0.47042	 0 	-0.0251315	0.115176	-0.0328298

0.137389	0.47042	 0 	-0.0373224	0.130494	-0.033547

0.171197	0.47042	 0 	-0.0528819	0.142365	-0.034361

0.210054	0.47042	 0 	-0.0717605	0.149522	-0.0353692

0.253981	0.47042	 0 	-0.0935835	0.150868	-0.0366897

0.30272	0.47042	 0 	-0.11769	0.145302	-0.038405

0.355693	0.47042	 0 	-0.143163	0.131425	-0.0404701

0.411992	0.47042	 0 	-0.168768	0.107491	-0.0426033

0.47042	0.47042	 0 	-0.192764	0.0719027	-0.0442112

0.52958	0.47042	 0 	-0.212715	0.0243273	-0.0444569

0.588008	0.47042	 0 	-0.225496	-0.0329462	-0.0425721

0.644307	0.47042	 0 	-0.227801	-0.0941287	-0.0383497

0.69728	0.47042	 0 	-0.217238	-0.150391	-0.0324873

0.746019	0.47042	 0 	-0.193772	-0.192186	-0.0264117

0.789946	0.47042	 0 	-0.160601	-0.212857	-0.0215957

0.828803	0.47042	 0 	-0.123446	-0.211494	-0.0188546

0.862611	0.47042	 0 	-0.0882574	-0.192816	-0.0181306

0.891604	0.47042	 0 	-0.058985	-0.164181	-0.0188226

0.916161	0.47042	 0 	-0.036961	-0.132288	-0.0202565

0.936743	0.47042	 0 	-0.0216544	-0.101607	-0.0219376

0.95384	0.47042	 0 	-0.0117115	-0.0744014	-0.0235831

0.967939	0.47042	 0 	-0.00567083	-0.0514149	-0.0250674

0.979495	0.47042	 0 	-0.00230005	-0.0325484	-0.0263539

0.988919	0.47042	 0 	-0.000671831	-0.0173298	-0.0273895

0.996573	0.47042	 0 	-7.47928e-05	-0.00517657	-0.0279926

1.00343	0.47042	 0 	0.000282622	0.00539467	-0.0279926

-0.00342678	0.52958	 0 	0.000135887	-0.00631643	-0.0357373

0.00342678	0.52958	 0 	-4.17545e-05	0.00694697	-0.0357373

0.0110811	0.52958	 0 	-0.000332112	0.0207482	-0.0360104

0.0205051	0.52958	 0 	-0.00109001	0.0367504	-0.0364644

0.0320609	0.52958	 0 	-0.00260821	0.0549096	-0.0370022

0.0461598	0.52958	 0 	-0.00524183	0.0749488	-0.0375919

0.0632574	0.52958	 0 	-0.00943716	0.0962712	-0.0382258

0.083839	0.52958	 0 	-0.0157076	0.117899	-0.0388969

0.108396	0.52958	 0 	-0.0245599	0.138484	-0.0396085

0.137389	0.52958	 0 	-0.0363827	0.156434	-0.0403948

0.171197	0.52958	 0 	-0.0513231	0.170149	-0.0413413

0.210054	0.52958	 0 	-0.0692118	0.178285	-0.042595

0.253981	0.52958	 0 	-0.0895929	0.179821	-0.0443456

0.30272	0.52958	 0 	-0.111855	0.173821	-0.0467603

0.355693	0.52958	 0 	-0.135362	0.159004	-0.049868

0.411992	0.52958	 0 	-0.159454	0.13351	-0.0534028

0.47042	0.52958	 0 	-0.18323	0.0952726	-0.0566585

0.52958	0.52958	 0 	-0.205178	0.0430958	-0.058486

0.588008	0.52958	 0 	-0.222836	-0.0218497	-0.0576071

0.644307	0.52958	 0 	-0.232789	-0.0947244	-0.0532567

0.69728	0.52958	 0 	-0.231364	-0.166717	-0.0458166

0.746019	0.52958	 0 	-0.216159	-0.226532	-0.0369079

0.789946	0.52958	 0 	-0.187861	-0.263918	-0.028707

0.828803	0.52958	 0 	-0.150939	-0.273934	-0.0228981

0.862611	0.52958	 0 	-0.112085	-0.259057	-0.0200124

0.891604	0.52958	 0 	-0.0772296	-0.227201	-0.0195528

0.916161	0.52958	 0 	-0.0495609	-0.187406	-0.0206149

0.936743	0.52958	 0 	-0.0295842	-0.146655	-0.0223993

0.95384	0.52958	 0 	-0.0162436	-0.109037	-0.0243837

0.967939	0.52958	 0 	-0.00796808	-0.0763251	-0.0262962

0.979495	0.52958	 0 	-0.00327339	-0.0488763	-0.0280228

0.988919	0.52958	 0 	-0.000972526	-0.0263328	-0.0294492

0.996573	0.52958	 0 	-0.000113808	-0.00805567	-0.0302924

1.00343	0.52958	 0 	0.000404417	0.00816187	-0.0302924

-0.00342678	0.588008	 0 	0.000130523	-0.00737165	-0.0438163

0.00342678	0.588008	 0 	-3.91663e-05	0.00811075	-0.0438163

0.0110811	0.588008	 0 	-0.000317503	0.0242157	-0.0440814

0.0205051	0.588008	 0 	-0.0010486	0.042879	-0.0445239

0.0320609	0.588008	 0 	-0.00251757	0.0640341	-0.0450513

0.0461598	0.588008	 0 	-0.0050677	0.0873295	-0.0456322

0.0632574	0.588008	 0 	-0.00912076	0.112023	-0.0462571

0.083839	0.588008	 0 	-0.0151386	0.136911	-0.0469153

0.108396	0.588008	 0 	-0.0235288	0.160354	-0.0476069

0.137389	0.588008	 0 	-0.0345136	0.180458	-0.0483703

0.171197	0.588008	 0 	-0.0480082	0.195419	-0.0493169

0.210054	0.588008	 0 	-0.0635887	0.203869	-0.0506548

0.253981	0.588008	 0 	-0.0806137	0.205	-0.0526738

0.30272	0.588008	 0 	-0.0984744	0.198239	-0.0556666

0.355693	0.588008	 0 	-0.116839	0.18266	-0.0597813

0.411992	0.588008	 0 	-0.135729	0.156549	-0.0648146

0.47042	0.588008	 0 	-0.155323	0.117601	-0.0699926

0.52958	0.588008	 0 	-0.175483	0.0638598	-0.0738862

0.588008	0.588008	 0 	-0.195112	-0.00484499	-0.074692

0.644307	0.588008	 0 	-0.211614	-0.0854015	-0.0709645

0.69728	0.588008	 0 	-0.220897	-0.170435	-0.0625049

0.746019	0.588008	 0 	-0.218441	-0.248562	-0.0507998

0.789946	0.588008	 0 	-0.201514	-0.306775	-0.0385508

0.828803	0.588008	 0 	-0.171435	-0.33508	-0.0284576

0.862611	0.588008	 0 	-0.133839	-0.331147	-0.0220449

0.891604	0.588008	 0 	-0.0960424	-0.301104	-0.0193055

0.916161	0.588008	 0 	-0.0636072	-0.255546	-0.0192574

0.936743	0.588008	 0 	-0.0388993	-0.204477	-0.0207515

0.95384	0.588008	 0 	-0.0217686	-0.154726	-0.0229164

0.967939	0.588008	 0 	-0.0108494	-0.109874	-0.0252362

0.979495	0.588008	 0 	-0.00452549	-0.0712396	-0.0274541

0.988919	0.588008	 0 	-0.00137127	-0.0388608	-0.0293489

0.996573	0.588008	 0 	-0.000169397	-0.012178	-0.0304901

1.00343	0.588008	 0 	0.000562713	0.0119908	-0.0304901

-0.00342678	0.644307	 0 	0.000135342	-0.00836377	-0.0526961

0.00342678	0.644307	 0 	-3.9923e-05	0.00919305	-0.0526961

0.0110811	0.644307	 0 	-0.000328156	0.027469	-0.052973

0.0205051	0.644307	 0 	-0.00108749	0.0486461	-0.0534355

0.0320609	0.644307	 0 	-0.00261077	0.0726214	-0.0539842

0.0461598	0.644307	 0 	-0.00523776	0.0989399	-0.054579

0.0632574	0.644307	 0 	-0.00935679	0.126665	-0.0551947

0.083839	0.644307	 0 	-0.0153334	0.154303	-0.0557957

0.108396	0.644307	 0 	-0.0233759	0.179859	-0.0563531

0.137389	0.644307	 0 	-0.0333817	0.201117	-0.0568886

0.171197	0.644307	 0 	-0.0448463	0.216115	-0.0575366

0.210054	0.644307	 0 	-0.0569343	0.223603	-0.05859

0.253981	0.644307	 0 	-0.0687459	0.223176	-0.0604826

0.30272	0.644307	 0 	-0.0796908	0.214843	-0.0636778

0.355693	0.644307	 0 	-0.0898034	0.198255	-0.068477

0.411992	0.644307	 0 	-0.0998521	0.172102	-0.074764

0.47042	0.644307	 0 	-0.111157	0.134141	-0.0817276

0.52958	0.644307	 0 	-0.125085	0.0819574	-0.0877139

0.588008	0.644307	 0 	-0.142268	0.0142151	-0.090469

0.644307	0.644307	 0 	-0.161701	-0.0679747	-0.0879054

0.69728	0.644307	 0 	-0.180089	-0.159796	-0.0791439

0.746019	0.644307	 0 	-0.192033	-0.251894	-0.0652318

0.789946	0.644307	 0 	-0.191713	-0.330865	-0.0489952

0.828803	0.644307	 0 	-0.175978	-0.382529	-0.033945

0.862611	0.644307	 0 	-0.146948	-0.397875	-0.0227913

0.891604	0.644307	 0 	-0.11141	-0.377786	-0.0164709

0.916161	0.644307	 0 	-0.0769756	-0.331907	-0.0142873

0.936743	0.644307	 0 	-0.0485965	-0.272781	-0.0148405

0.95384	0.644307	 0 	-0.0278616	-0.21072	-0.0168431

0.967939	0.644307	 0 	-0.0141593	-0.152105	-0.0194308

0.979495	0.644307	 0 	-0.00601307	-0.0999796	-0.0221195

0.988919	0.644307	 0 	-0.00186307	-0.0552655	-0.0245197

0.996573	0.644307	 0 	-0.000243569	-0.0177511	-0.0259986

1.00343	0.644307	 0 	0.000753278	0.0169719	-0.0259986

-0.00342678	0.69728	 0 	0.00016908	-0.00939738	-0.0619397

0.00342678	0.69728	 0 	-5.08401e-05	0.0103219	-0.0619397

0.0110811	0.69728	 0 	-0.00041158	0.0308575	-0.0622828

0.0205051	0.69728	 0 	-0.00135316	0.0546278	-0.0628496

0.0320609	0.69728	 0 	-0.00321743	0.0814461	-0.063504

0.0461598	0.69728	 0 	-0.00636497	0.110672	-0.0641727

0.0632574	0.69728	 0 	-0.0111389	0.14106	-0.0647855

0.083839	0.69728	 0 	-0.0177284	0.170698	-0.0652428

0.108396	0.69728	 0 	-0.0259721	0.19716	-0.0654475

0.137389	0.69728	 0 	-0.0352027	0.217939	-0.0653873

0.171197	0.69728	 0 	-0.0442681	0.23109	-0.0652414

0.210054	0.69728	 0 	-0.0518072	0.235757	-0.0654463

0.253981	0.69728	 0 	-0.056711	0.232211	-0.0666459

0.30272	0.69728	 0 	-0.0585705	0.221227	-0.0695163

0.355693	0.69728	 0 	-0.0579482	0.20315	-0.0745155

0.411992	0.69728	 0 	-0.0564153	0.177178	-0.0815907

0.47042	0.69728	 0 	-0.0563449	0.141318	-0.0898728

0.52958	0.69728	 0 	-0.0604248	0.0930238	-0.0975034

0.588008	0.69728	 0 	-0.0708804	0.0302264	-0.101864

0.644307	0.69728	 0 	-0.0884993	-0.0475815	-0.100359

0.69728	0.69728	 0 	-0.111659	-0.138307	-0.0915342

0.746019	0.69728	 0 	-0.13571	-0.236069	-0.0759311

0.789946	0.69728	 0 	-0.153439	-0.330033	-0.0561746

0.828803	0.69728	 0 	-0.157564	-0.404942	-0.0361476

0.862611	0.69728	 0 	-0.144848	-0.445717	-0.0195486

0.891604	0.69728	 0 	-0.118674	-0.445048	-0.00849832

0.916161	0.69728	 0 	-0.0869748	-0.407503	-0.00303441

0.936743	0.69728	 0 	-0.0573343	-0.345841	-0.00179057

0.95384	0.69728	 0 	-0.0339291	-0.273762	-0.00310426

0.967939	0.69728	 0 	-0.0176675	-0.201356	-0.00568809

0.979495	0.69728	 0 	-0.00766426	-0.134378	-0.00874022

0.988919	0.69728	 0 	-0.00243457	-0.0753399	-0.0116295

0.996573	0.69728	 0 	-0.000337266	-0.0248168	-0.013461

1.00343	0.69728	 0 	0.000968476	0.0230215	-0.013461

-0.00342678	0.746019	 0 	0.000260125	-0.0106967	-0.0715027

0.00342678	0.746019	 0 	-8.31974e-05	0.0117784	-0.0715027

0.0110811	0.746019	 0 	-0.000641269	0.0351338	-0.0720161

0.0205051	0.746019	 0 	-0.00206389	0.0620511	-0.0728435

0.0320609	0.746019	 0 	-0.00480987	0.0921445	-0.0737493

0.0461598	0.746019	 0 	-0.00928404	0.12441	-0.0745773

0.0632574	0.746019	 0 	-0.0157282	0.157074	-0.0751589

0.083839	0.746019	 0 	-0.0239768	0.187623	-0.0752732

0.108396	0.746019	 0 	-0.0332002	0.213154	-0.0747225

0.137389	0.746019	 0 	-0.0418394	0.231068	-0.0734843

0.171197	0.746019	 0 	-0.0478974	0.239843	-0.0718684

0.210054	0.746019	 0 	-0.0495375	0.239472	-0.0705631

0.253981	0.746019	 0 	-0.0457142	0.231199	-0.070498

0.30272	0.746019	 0 	-0.0365454	0.216643	-0.0725735

0.355693	0.746019	 0 	-0.0233683	0.196751	-0.0773581

0.411992	0.746019	 0 	-0.00860451	0.171129	-0.0847867

0.47042	0.746019	 0 	0.00448752	0.138034	-0.0938619

0.52958	0.746019	 0 	0.0122383	0.0949677	-0.10249

0.588008	0.746019	 0 	0.0112445	0.0395544	-0.107723

0.644307	0.746019	 0 	-0.000752134	-0.0296472	-0.106577

0.69728	0.746019	 0 	-0.0239105	-0.11254	-0.0971863

0.746019	0.746019	 0 	-0.0553487	-0.206716	-0.0797264

0.789946	0.746019	 0 	-0.0885077	-0.305813	-0.0565744

0.828803	0.746019	 0 	-0.113995	-0.397461	-0.0316572

0.862611	0.746019	 0 	-0.123298	-0.464167	-0.00925491

0.891604	0.746019	 0 	-0.113926	-0.490295	0.00743398

0.916161	0.746019	 0 	-0.0911398	-0.471234	0.0173318

0.936743	0.746019	 0 	-0.0639269	-0.415611	0.0213818

0.95384	0.746019	 0 	-0.0395169	-0.338702	0.0214503

0.967939	0.746019	 0 	-0.0212411	-0.254623	0.0192661

0.979495	0.746019	 0 	-0.00945757	-0.172849	0.0160326

0.988919	0.746019	 0 	-0.00309051	-0.0984015	0.0127077

0.996573	0.746019	 0 	-0.000454356	-0.0332621	0.0105222

1.00343	0.746019	 0 	0.00120759	0.0299111	0.0105222

-0.00342678	0.789946	 0 	0.000451893	-0.0125993	-0.0819887

0.00342678	0.789946	 0 	-0.000156982	0.0140123	-0.0819887

0.0110811	0.789946	 0 	-0.00113383	0.0414436	-0.0828444

0.0205051	0.789946	 0 	-0.00354361	0.0727145	-0.0841762

0.0320609	0.789946	 0 	-0.00804022	0.106999	-0.0855279

0.0461598	0.789946	 0 	-0.0150394	0.142597	-0.0865657

0.0632574	0.789946	 0 	-0.0244844	0.176873	-0.0869389

0.083839	0.789946	 0 	-0.0354723	0.206533	-0.0862525

0.108396	0.789946	 0 	-0.0460348	0.228365	-0.084235

0.137389	0.789946	 0 	-0.0533921	0.24021	-0.0809807

0.171197	0.789946	 0 	-0.0547299	0.241676	-0.0771041

0.210054	0.789946	 0 	-0.0481398	0.234146	-0.0736763

0.253981	0.789946	 0 	-0.0332127	0.220018	-0.0719444

0.30272	0.789946	 0 	-0.0110683	0.201581	-0.0729754

0.355693	0.789946	 0 	0.0159557	0.180068	-0.0773465

0.411992	0.789946	 0 	0.0446232	0.155212	-0.0848743

0.47042	0.789946	 0 	0.071032	0.125394	-0.0943511

0.52958	0.789946	 0 	0.09091	0.0882241	-0.103406

0.588008	0.789946	 0 	0.100138	0.0413069	-0.108771

0.644307	0.789946	 0 	0.0954902	-0.017144	-0.107124

0.69728	0.789946	 0 	0.0754555	-0.0880667	-0.0962948

0.746019	0.789946	 0 	0.0411055	-0.171472	-0.0762238

0.789946	0.789946	 0 	-0.00286895	-0.26545	-0.0491399

0.828803	0.789946	 0 	-0.0474572	-0.363145	-0.0189362

0.862611	0.789946	 0 	-0.0809858	-0.449645	0.00983065

0.891604	0.789946	 0 	-0.094515	-0.504633	0.0331466

0.916161	0.789946	 0 	-0.0874952	-0.512845	0.0487989

0.936743	0.789946	 0 	-0.0675743	-0.473658	0.0569262

0.95384	0.789946	 0 	-0.0445437	-0.399874	0.0593105

0.967939	0.789946	 0 	-0.0250239	-0.308562	0.0580744

0.979495	0.789946	 0 	-0.0115236	-0.213637	0.0549049

0.988919	0.789946	 0 	-0.0038942	-0.123696	0.0512008

0.996573	0.789946	 0 	-0.000609615	-0.0429576	0.0486429

1.00343	0.789946	 0 	0.00149117	0.0373902	0.0486429

-0.00342678	0.828803	 0 	0.000812114	-0.0155382	-0.0948967

0.00342678	0.828803	 0 	-0.000309416	0.0176652	-0.0948967

0.0110811	0.828803	 0 	-0.00208028	0.051285	-0.0963553

0.0205051	0.828803	 0 	-0.0062746	0.0887948	-0.0985217

0.0320609	0.828803	 0 	-0.0137705	0.12847	-0.100493

0.0461598	0.828803	 0 	-0.024773	0.167386	-0.101592

0.0632574	0.828803	 0 	-0.0384186	0.201668	-0.101192

0.083839	0.828803	 0 	-0.0523811	0.227328	-0.0987489

0.108396	0.828803	 0 	-0.0630127	0.241505	-0.0941042

0.137389	0.828803	 0 	-0.0662941	0.24351	-0.0877479

0.171197	0.828803	 0 	-0.059201	0.234975	-0.0808218

0.210054	0.828803	 0 	-0.040685	0.219036	-0.0748464

0.253981	0.828803	 0 	-0.0117706	0.19903	-0.0713102

0.30272	0.828803	 0 	0.0250213	0.177413	-0.0713054

0.355693	0.828803	 0 	0.0663403	0.155201	-0.0752783

0.411992	0.828803	 0 	0.108371	0.131924	-0.0828258

0.47042	0.828803	 0 	0.146927	0.105939	-0.0924752

0.52958	0.828803	 0 	0.177547	0.0749926	-0.10157

0.588008	0.828803	 0 	0.195841	0.0368524	-0.106546

0.644307	0.828803	 0 	0.198111	-0.0102334	-0.103789

0.69728	0.828803	 0 	0.182067	-0.0675174	-0.0908533

0.746019	0.828803	 0 	0.14751	-0.136194	-0.0674591

0.789946	0.828803	 0 	0.0971536	-0.217446	-0.0356887

0.828803	0.828803	 0 	0.037914	-0.310139	0.000627185

0.862611	0.828803	 0 	-0.0184453	-0.405668	0.0368132

0.891604	0.828803	 0 	-0.0583909	-0.484951	0.0682532

0.916161	0.828803	 0 	-0.073853	-0.524937	0.0915632

0.936743	0.828803	 0 	-0.067381	-0.512452	0.105684

0.95384	0.828803	 0 	-0.0491769	-0.452022	0.111871

0.967939	0.828803	 0 	-0.0295046	-0.360343	0.112473

0.979495	0.828803	 0 	-0.014236	-0.255545	0.109742

0.988919	0.828803	 0 	-0.00501866	-0.150901	0.105702

0.996573	0.828803	 0 	-0.000842133	-0.0539737	0.1027

1.00343	0.828803	 0 	0.00187661	0.0453323	0.1027

-0.00342678	0.862611	 0 	0.00145048	-0.0200156	-0.112902

0.00342678	0.862611	 0 	-0.000614328	0.0236279	-0.112902

0.0110811	0.862611	 0 	-0.00380965	0.0664597	-0.115328

0.0205051	0.862611	 0 	-0.0109831	0.112533	-0.118687

0.0320609	0.862611	 0 	-0.0230579	0.158439	-0.121218

0.0461598	0.862611	 0 	-0.0393623	0.199359	-0.12166

0.0632574	0.862611	 0 	-0.0572146	0.23011	-0.119107

0.083839	0.862611	 0 	-0.0719862	0.246826	-0.113147

0.108396	0.862611	 0 	-0.0782366	0.248494	-0.104191

0.137389	0.862611	 0 	-0.0716227	0.237304	-0.0935064

0.171197	0.862611	 0 	-0.0504149	0.217538	-0.0828965

0.210054	0.862611	 0 	-0.0157187	0.193772	-0.074233

0.253981	0.862611	 0 	0.0294125	0.169486	-0.0690387

0.30272	0.862611	 0 	0.0811148	0.146528	-0.0682267

0.355693	0.862611	 0 	0.135432	0.125206	-0.07197

0.411992	0.862611	 0 	0.18847	0.104613	-0.0795773

0.47042	0.862611	 0 	0.236236	0.0830364	-0.0893049

0.52958	0.862611	 0 	0.274516	0.0584099	-0.0982476

0.588008	0.862611	 0 	0.299069	0.0287908	-0.10261

0.644307	0.862611	 0 	0.306163	-0.00732717	-0.0985476

0.69728	0.862611	 0 	0.293254	-0.0511095	-0.0833702

0.746019	0.862611	 0 	0.259508	-0.104045	-0.0565197

0.789946	0.862611	 0 	0.206192	-0.168744	-0.0197849

0.828803	0.862611	 0 	0.137601	-0.248119	0.0232606

0.862611	0.862611	 0 	0.0629319	-0.340739	0.0680496

0.891604	0.862611	 0 	-0.00334252	-0.43407	0.109617

0.916161	0.862611	 0 	-0.0466374	-0.503826	0.143407

0.936743	0.862611	 0 	-0.0610946	-0.525524	0.166663

0.95384	0.862611	 0 	-0.0531189	-0.490034	0.179353

0.967939	0.862611	 0 	-0.035355	-0.407589	0.183562

0.979495	0.862611	 0 	-0.0182773	-0.298199	0.182073

0.988919	0.862611	 0 	-0.00682155	-0.180481	0.177813

0.996573	0.862611	 0 	-0.00124129	-0.0668165	0.174229

1.00343	0.862611	 0 	0.00247662	0.0538277	0.174229

-0.00342678	0.891604	 0 	0.00255307	-0.0265838	-0.140267

0.00342678	0.891604	 0 	-0.00123203	0.0331989	-0.140267

0.0110811	0.891604	 0 	-0.00692849	0.0890724	-0.1441

0.0205051	0.891604	 0 	-0.0187678	0.14578	-0.148791

0.0320609	0.891604	 0 	-0.0369628	0.197089	-0.151021

0.0461598	0.891604	 0 	-0.0584923	0.23592	-0.148757

0.0632574	0.891604	 0 	-0.0774226	0.256795	-0.14124

0.083839	0.891604	 0 	-0.0865212	0.258172	-0.128981

0.108396	0.891604	 0 	-0.0799298	0.243108	-0.113641

0.137389	0.891604	 0 	-0.0553625	0.217691	-0.097528

0.171197	0.891604	 0 	-0.0143955	0.188329	-0.0829746

0.210054	0.891604	 0 	0.0389264	0.159716	-0.0718812

0.253981	0.891604	 0 	0.0998268	0.134257	-0.0654766

0.30272	0.891604	 0 	0.163901	0.112516	-0.064267

0.355693	0.891604	 0 	0.227411	0.0938705	-0.0680489

0.411992	0.891604	 0 	0.287038	0.0769974	-0.0758336

0.47042	0.891604	 0 	0.339458	0.0601937	-0.085652

0.52958	0.891604	 0 	0.381068	0.041674	-0.094425

0.588008	0.891604	 0 	0.408104	0.0198694	-0.0982142

0.644307	0.891604	 0 	0.417148	-0.00638692	-0.0930323

0.69728	0.891604	 0 	0.405794	-0.0380045	-0.0759951

0.746019	0.891604	 0 	0.373067	-0.0762999	-0.0462375

0.789946	0.891604	 0 	0.31942	-0.124058	-0.00508939

0.828803	0.891604	 0 	0.246905	-0.185932	0.044448

0.862611	0.891604	 0 	0.160844	-0.265848	0.0983508

0.891604	0.891604	 0 	0.0727152	-0.360034	0.151833

0.916161	0.891604	 0 	-0.000351583	-0.450311	0.199531

0.936743	0.891604	 0 	-0.0434925	-0.507548	0.236621

0.95384	0.891604	 0 	-0.0540727	-0.50774	0.260645

0.967939	0.891604	 0 	-0.0427737	-0.447109	0.272199

0.979495	0.891604	 0 	-0.0246079	-0.341508	0.274014

0.988919	0.891604	 0 	-0.00996495	-0.213758	0.270127

0.996573	0.891604	 0 	-0.00200283	-0.0826844	0.265843

1.00343	0.891604	 0 	0.0034791	0.0631774	0.265843

-0.00342678	0.916161	 0 	0.00442035	-0.0358032	-0.18375

0.00342678	0.916161	 0 	-0.00252741	0.048463	-0.18375

0.0110811	0.916161	 0 	-0.0125608	0.12154	-0.189243

0.0205051	0.916161	 0 	-0.0310887	0.189134	-0.194333

0.0320609	0.916161	 0 	-0.0556249	0.241205	-0.193235

0.0461598	0.916161	 0 	-0.0784547	0.269625	-0.183633

0.0632574	0.916161	 0 	-0.0896896	0.271941	-0.16638

0.083839	0.916161	 0 	-0.0815563	0.252481	-0.144224

0.108396	0.916161	 0 	-0.0515028	0.220011	-0.120583

0.137389	0.916161	 0 	-0.00229929	0.1836	-0.0985901

0.171197	0.916161	 0 	0.0602986	0.149563	-0.0805478

0.210054	0.916161	 0 	0.130171	0.120808	-0.0678115

0.253981	0.916161	 0 	0.2023	0.0977692	-0.0609283

0.30272	0.916161	 0 	0.273046	0.0795984	-0.0598381

0.355693	0.916161	 0 	0.339769	0.0649519	-0.0639578

0.411992	0.916161	 0 	0.400234	0.0523314	-0.072068

0.47042	0.916161	 0 	0.452064	0.0402188	-0.0820604

0.52958	0.916161	 0 	0.49245	0.0271986	-0.0907704

0.588008	0.916161	 0 	0.518271	0.01211	-0.0942023

0.644307	0.916161	 0 	0.526625	-0.00586496	-0.0883068

0.69728	0.916161	 0 	0.515476	-0.0273511	-0.0700765

0.746019	0.916161	 0 	0.483997	-0.0533279	-0.0383764

0.789946	0.916161	 0 	0.432306	-0.0860969	0.0059677

0.828803	0.916161	 0 	0.36095	-0.130224	0.0607404

0.862611	0.916161	 0 	0.271584	-0.191949	0.122939

0.891604	0.916161	 0 	0.17026	-0.274694	0.188774

0.916161	0.916161	 0 	0.0711905	-0.370721	0.253123

0.936743	0.916161	 0 	-0.0056094	-0.455865	0.309617

0.95384	0.916161	 0 	-0.0454813	-0.497285	0.35245

0.967939	0.916161	 0 	-0.049774	-0.472718	0.378653

0.979495	0.916161	 0 	-0.0339991	-0.384027	0.388934

0.988919	0.916161	 0 	-0.0155376	-0.252507	0.387754

0.996573	0.916161	 0 	-0.00354221	-0.103779	0.383149

1.00343	0.916161	 0 	0.00512924	0.0737304	0.383149

-0.00342678	0.936743	 0 	0.00737126	-0.0479884	-0.254556

0.00342678	0.936743	 0 	-0.00527207	0.0728698	-0.254556

0.0110811	0.936743	 0 	-0.0224526	0.16608	-0.260647

0.0205051	0.936743	 0 	-0.048761	0.239904	-0.261681

0.0320609	0.936743	 0 	-0.0752883	0.281737	-0.249422

0.0461598	0.936743	 0 	-0.0880425	0.287586	-0.223967

0.0632574	0.936743	 0 	-0.0762575	0.263876	-0.190561

0.083839	0.936743	 0 	-0.0374939	0.223425	-0.155189

0.108396	0.936743	 0 	0.0231275	0.17904	-0.122576

0.137389	0.936743	 0 	0.0970939	0.139103	-0.0956005

0.171197	0.936743	 0 	0.17642	0.106969	-0.0754683

0.210054	0.936743	 0 	0.255446	0.0826493	-0.0623199

0.253981	0.936743	 0 	0.330812	0.0647024	-0.0557948

0.30272	0.936743	 0 	0.4007	0.0513955	-0.0553044

0.355693	0.936743	 0 	0.464006	0.0411556	-0.060007

0.411992	0.936743	 0 	0.519688	0.0326289	-0.0685706

0.47042	0.936743	 0 	0.5663	0.0246351	-0.0788435

0.52958	0.936743	 0 	0.601791	0.0161672	-0.0876513

0.588008	0.936743	 0 	0.623699	0.00644831	-0.091003

0.644307	0.936743	 0 	0.629687	-0.00503863	-0.0848452

0.69728	0.936743	 0 	0.618174	-0.0186766	-0.0661103

0.746019	0.936743	 0 	0.588595	-0.0351105	-0.0334755

0.789946	0.936743	 0 	0.540993	-0.0559664	0.0126426

0.828803	0.936743	 0 	0.475127	-0.0847853	0.0707748

0.862611	0.936743	 0 	0.390129	-0.127533	0.139135

0.891604	0.936743	 0 	0.286606	-0.191008	0.215652

0.916161	0.936743	 0 	0.171782	-0.277057	0.296969

0.936743	0.936743	 0 	0.0634973	-0.373673	0.37714

0.95384	0.936743	 0 	-0.0148161	-0.451212	0.447815

0.967939	0.936743	 0 	-0.0489273	-0.473579	0.500703

0.979495	0.936743	 0 	-0.0451447	-0.419951	0.530787

0.988919	0.936743	 0 	-0.0247551	-0.297482	0.539552

0.996573	0.936743	 0 	-0.0066313	-0.133508	0.53711

1.00343	0.936743	 0 	0.00747296	0.0853783	0.53711

-0.00342678	0.95384	 0 	0.0109792	-0.0622152	-0.371252

0.00342678	0.95384	 0 	-0.0106848	0.111281	-0.371252

0.0110811	0.95384	 0 	-0.0377355	0.222074	-0.372106

0.0205051	0.95384	 0 	-0.0678149	0.287879	-0.355628

0.0320609	0.95384	 0 	-0.0819657	0.301856	-0.31615

0.0461598	0.95384	 0 	-0.0643233	0.274518	-0.262724

0.0632574	0.95384	 0 	-0.0128112	0.22546	-0.207254

0.083839	0.95384	 0 	0.0632709	0.172771	-0.157769

0.108396	0.95384	 0 	0.151236	0.127254	-0.118014

0.137389	0.95384	 0 	0.240739	0.0924402	-0.0885494

0.171197	0.95384	 0 	0.325636	0.0675534	-0.0683409

0.210054	0.95384	 0 	0.403265	0.0502921	-0.0560451

0.253981	0.95384	 0 	0.472972	0.0383416	-0.05055

0.30272	0.95384	 0 	0.534917	0.0298792	-0.0509729

0.355693	0.95384	 0 	0.58933	0.0235741	-0.0563952

0.411992	0.95384	 0 	0.636076	0.0184325	-0.0654889

0.47042	0.95384	 0 	0.674391	0.0136667	-0.0761327

0.52958	0.95384	 0 	0.702828	0.00864528	-0.0851906

0.588008	0.95384	 0 	0.719499	0.00290518	-0.0887114

0.644307	0.95384	 0 	0.722608	-0.00384517	-0.0826669

0.69728	0.95384	 0 	0.711001	-0.0118151	-0.0639726

0.746019	0.95384	 0 	0.684367	-0.0213855	-0.0312034

0.789946	0.95384	 0 	0.642782	-0.0335695	0.0154735

0.828803	0.95384	 0 	0.585706	-0.0506899	0.0750941

0.862611	0.95384	 0 	0.511068	-0.0771317	0.146859

0.891604	0.95384	 0 	0.415828	-0.119495	0.230544

0.916161	0.95384	 0 	0.299719	-0.184502	0.325729

0.936743	0.95384	 0 	0.171904	-0.272551	0.429717

0.95384	0.95384	 0 	0.0548238	-0.368069	0.535241

0.967939	0.95384	 0 	-0.023745	-0.436054	0.630201

0.979495	0.95384	 0 	-0.0499738	-0.435547	0.700625

0.988919	0.95384	 0 	-0.0367924	-0.344606	0.737388

0.996573	0.95384	 0 	-0.0121764	-0.175674	0.745845

1.00343	0.95384	 0 	0.00926154	0.0963043	0.745845

-0.00342678	0.967939	 0 	0.0111925	-0.0740046	-0.560691

0.00342678	0.967939	 0 	-0.0191805	0.167205	-0.560691

0.0110811	0.967939	 0 	-0.0531971	0.279085	-0.537514

0.0205051	0.967939	 0 	-0.0696879	0.310601	-0.472473

0.0320609	0.967939	 0 	-0.0441879	0.280711	-0.38069

0.0461598	0.967939	 0 	0.0250153	0.222384	-0.28795

0.0632574	0.967939	 0 	0.121281	0.161756	-0.209467

0.083839	0.967939	 0 	0.225708	0.112017	-0.149723

0.108396	0.967939	 0 	0.32546	0.0761938	-0.107337

0.137389	0.967939	 0 	0.414564	0.0521783	-0.0786642

0.171197	0.967939	 0 	0.491764	0.0365781	-0.0602409

0.210054	0.967939	 0 	0.558063	0.0264712	-0.0496831

0.253981	0.967939	 0 	0.61508	0.0197976	-0.0455771

0.30272	0.967939	 0 	0.664249	0.0152201	-0.0470339

0.355693	0.967939	 0 	0.706507	0.0118763	-0.0532099

0.411992	0.967939	 0 	0.742174	0.00917501	-0.0628585

0.47042	0.967939	 0 	0.770876	0.00667372	-0.0739295

0.52958	0.967939	 0 	0.791594	0.00403232	-0.0833491

0.588008	0.967939	 0 	0.802926	0.00101114	-0.0872179

0.644307	0.967939	 0 	0.803552	-0.00253246	-0.0815431

0.69728	0.967939	 0 	0.792684	-0.00669826	-0.0632464

0.746019	0.967939	 0 	0.770195	-0.0116862	-0.0308648

0.789946	0.967939	 0 	0.736197	-0.0180511	0.0155362

0.828803	0.967939	 0 	0.690128	-0.0270999	0.0752096

0.862611	0.967939	 0 	0.629709	-0.0414598	0.147861

0.891604	0.967939	 0 	0.550496	-0.0657189	0.234527

0.916161	0.967939	 0 	0.447364	-0.10659	0.33766

0.936743	0.967939	 0 	0.319423	-0.170934	0.45974

0.95384	0.967939	 0 	0.177945	-0.258825	0.599868

0.967939	0.967939	 0 	0.0509911	-0.352172	0.749391

0.979495	0.967939	 0 	-0.0269245	-0.409236	0.888931

0.988919	0.967939	 0 	-0.0423487	-0.378227	0.989919

0.996573	0.967939	 0 	-0.0193248	-0.230439	1.03232

1.00343	0.967939	 0 	0.00471235	0.100587	1.03232

-0.00342678	0.979495	 0 	-0.00862915	-0.0725975	-0.849458

0.00342678	0.979495	 0 	-0.0238127	0.232449	-0.849458

0.0110811	0.979495	 0 	-0.0417314	0.306374	-0.755326

0.0205051	0.979495	 0 	-0.00804238	0.278196	-0.58823

0.0320609	0.979495	 0 	0.0842883	0.209967	-0.419486

0.0461598	0.979495	 0 	0.206015	0.142627	-0.286928

0.0632574	0.979495	 0 	0.328184	0.0913553	-0.193945

0.083839	0.979495	 0 	0.436038	0.0572572	-0.132387

0.108396	0.979495	 0 	0.525596	0.0362086	-0.0928115

0.137389	0.979495	 0 	0.59827	0.0235972	-0.0676719

0.171197	0.979495	 0 	0.657286	0.0160234	-0.0521712

0.210054	0.979495	 0 	0.705839	0.0113673	-0.0437308

0.253981	0.979495	 0 	0.746424	0.00839424	-0.0410917

0.30272	0.979495	 0 	0.780753	0.00639529	-0.043563

0.355693	0.979495	 0 	0.809836	0.0049485	-0.0504594

0.411992	0.979495	 0 	0.834064	0.00377877	-0.0606495

0.47042	0.979495	 0 	0.853236	0.00268662	-0.0721689

0.52958	0.979495	 0 	0.866651	0.00152269	-0.0820118

0.588008	0.979495	 0 	0.873326	0.000185454	-0.0863314

0.644307	0.979495	 0 	0.872357	-0.00138177	-0.0811693

0.69728	0.979495	 0 	0.863252	-0.00321801	-0.0634626

0.746019	0.979495	 0 	0.845991	-0.00541234	-0.0317496

0.789946	0.979495	 0 	0.820685	-0.00822152	0.013904

0.828803	0.979495	 0 	0.786872	-0.012258	0.0727453

0.862611	0.979495	 0 	0.742627	-0.0187961	0.144525

0.891604	0.979495	 0 	0.683806	-0.0302633	0.230659

0.916161	0.979495	 0 	0.603948	-0.0509478	0.335164

0.936743	0.979495	 0 	0.49597	-0.0875576	0.46502

0.95384	0.979495	 0 	0.357415	-0.147766	0.628738

0.967939	0.979495	 0 	0.200592	-0.232868	0.831481

0.979495	0.979495	 0 	0.0622185	-0.323292	1.06488

0.988919	0.979495	 0 	-0.0118237	-0.365747	1.28583

0.996573	0.979495	 0 	-0.0181868	-0.283072	1.41211

1.00343	0.979495	 0 	-0.0253336	0.0858059	1.41211

-0.00342678	0.988919	 0 	-0.106118	-0.0460346	-1.23142

0.00342678	0.988919	 0 	0.0189501	0.259874	-1.23142

0.0110811	0.988919	 0 	0.073817	0.253619	-0.978498

0.0205051	0.988919	 0 	0.190055	0.181406	-0.658163

0.0320609	0.988919	 0 	0.339066	0.112674	-0.414007

0.0461598	0.988919	 0 	0.4761	0.0649138	-0.259396

0.0632574	0.988919	 0 	0.584756	0.036271	-0.166619

0.083839	0.988919	 0 	0.666386	0.0204744	-0.111412

0.108396	0.988919	 0 	0.727188	0.0120453	-0.078109

0.137389	0.988919	 0 	0.773161	0.00750429	-0.0575913

0.171197	0.988919	 0 	0.808879	0.00496533	-0.0451694

0.210054	0.988919	 0 	0.837477	0.00347213	-0.038721

0.253981	0.988919	 0 	0.860983	0.00254237	-0.0373803

0.30272	0.988919	 0 	0.880642	0.0019244	-0.0407237

0.355693	0.988919	 0 	0.897146	0.00147703	-0.0482372

0.411992	0.988919	 0 	0.910749	0.00111084	-0.058902

0.47042	0.988919	 0 	0.921323	0.000761877	-0.0708344

0.52958	0.988919	 0 	0.92843	0.000383057	-0.08109

0.588008	0.988919	 0 	0.93147	-5.6224e-05	-0.0858665

0.644307	0.988919	 0 	0.929913	-0.000571444	-0.0812342

0.69728	0.988919	 0 	0.923495	-0.00117322	-0.064146

0.746019	0.988919	 0 	0.91224	-0.00189168	-0.0331592

0.789946	0.988919	 0 	0.896225	-0.00281736	0.0116113

0.828803	0.988919	 0 	0.875123	-0.00416722	0.0692925

0.862611	0.988919	 0 	0.847622	-0.00640252	0.139413

0.891604	0.988919	 0 	0.810776	-0.0104565	0.223128

0.916161	0.988919	 0 	0.759378	-0.0181925	0.324554

0.936743	0.988919	 0 	0.68557	-0.0332454	0.452518

0.95384	0.988919	 0 	0.579548	-0.0620067	0.6225

0.967939	0.988919	 0 	0.434523	-0.112806	0.856973

0.979495	0.988919	 0 	0.263508	-0.188931	1.17796

0.988919	0.988919	 0 	0.11858	-0.270458	1.56467

0.996573	0.988919	 0 	0.0362782	-0.281897	1.86004

1.00343	0.988919	 0 	-0.138073	0.0426576	1.86004

-0.00342678	0.996573	 0 	-0.463621	-0.0188955	-1.57986

0.00342678	0.996573	 0 	0.300074	0.138983	-1.57986

0.0110811	0.996573	 0 	0.429786	0.105645	-1.10532

0.0205051	0.996573	 0 	0.577816	0.0598995	-0.663029

0.0320609	0.996573	 0 	0.707793	0.0302028	-0.385032

0.0461598	0.996573	 0 	0.796493	0.0142686	-0.22978

0.0632574	0.996573	 0 	0.85217	0.00660995	-0.144604

0.083839	0.996573	 0 	0.887398	0.003179	-0.0967498

0.108396	0.996573	 0 	0.910767	0.0016611	-0.0686204

0.137389	0.996573	 0 	0.927215	0.000960312	-0.051369

0.171197	0.996573	 0 	0.939484	0.000610185	-0.0409488

0.210054	0.996573	 0 	0.949096	0.00041835	-0.0357374

0.253981	0.996573	 0 	0.956904	0.000303147	-0.0351839

0.30272	0.996573	 0 	0.963383	0.000227197	-0.0390514

0.355693	0.996573	 0 	0.968771	0.000171145	-0.046937

0.411992	0.996573	 0 	0.973139	0.000123012	-0.0578931

0.47042	0.996573	 0 	0.976408	7.41862e-05	-0.0700863

0.52958	0.996573	 0 	0.97839	1.84762e-05	-0.0806098

0.588008	0.996573	 0 	0.978845	-4.77084e-05	-0.0856881

0.644307	0.996573	 0 	0.977579	-0.000125624	-0.0814076

0.69728	0.996573	 0 	0.97451	-0.000216197	-0.0647314

0.746019	0.996573	 0 	0.969662	-0.000324468	-0.0342333

0.789946	0.996573	 0 	0.963056	-0.000466645	0.00992665

0.828803	0.996573	 0 	0.954518	-0.00068157	0.0667667

0.862611	0.996573	 0 	0.943423	-0.0010539	0.135597

0.891604	0.996573	 0 	0.928365	-0.00176767	0.217205

0.916161	0.996573	 0 	0.906636	-0.00323896	0.315244

0.936743	0.996573	 0 	0.873331	-0.00643192	0.438443

0.95384	0.996573	 0 	0.81991	-0.0134922	0.604322

0.967939	0.996573	 0 	0.733197	-0.0285177	0.844166

0.979495	0.996573	 0 	0.601937	-0.0574646	1.20442

0.988919	0.996573	 0 	0.448134	-0.104115	1.71523

0.996573	0.996573	 0 	0.309276	-0.140902	2.22927

1.00343	0.996573	 0 	-0.486436	0.0136485	2.22927

-0.00342678	1.00343	 0 	2.46362	0.0188955	-1.57986

0.00342678	1.00343	 0 	1.53638	-0.0188955	-1.57986

0.0110811	1.00343	 0 	1.30179	-0.061937	-1.10532

0.0205051	1.00343	 0 	1.25052	-0.0582225	-0.663029

0.0320609	1.00343	 0 	1.20777	-0.0401888	-0.385032

0.0461598	1.00343	 0 	1.16497	-0.0244754	-0.22978

0.0632574	1.00343	 0 	1.13018	-0.0141973	-0.144604

0.083839	1.00343	 0 	1.10419	-0.00823219	-0.0967498

0.108396	1.00343	 0 	1.085	-0.00493125	-0.0686204

0.137389	1.00343	 0 	1.07058	-0.00310476	-0.051369

0.171197	1.00343	 0 	1.05944	-0.00206479	-0.0409488

0.210054	1.00343	 0 	1.05056	-0.00144664	-0.0357374

0.253981	1.00343	 0 	1.04327	-0.00106011	-0.0351839

0.30272	1.00343	 0 	1.03719	-0.000803537	-0.0390514

0.355693	1.00343	 0 	1.03209	-0.000619237	-0.046937

0.411992	1.00343	 0 	1.02787	-0.000470718	-0.0578931

0.47042	1.00343	 0 	1.02456	-0.000332021	-0.0700863

0.52958	1.00343	 0 	1.02227	-0.000183975	-0.0806098

0.588008	1.00343	 0 	1.02119	-1.3789e-05	-0.0856881

0.644307	1.00343	 0 	1.02146	0.000185377	-0.0814076

0.69728	1.00343	 0 	1.02317	0.000417952	-0.0647314

0.746019	1.00343	 0 	1.02631	0.000694638	-0.0342333

0.789946	1.00343	 0 	1.03084	0.00104723	0.00992665

0.828803	1.00343	 0 	1.03684	0.00155209	0.0667667

0.862611	1.00343	 0 	1.0446	0.00236919	0.135597

0.891604	1.00343	 0 	1.05486	0.00380922	0.217205

0.916161	1.00343	 0 	1.06886	0.00644763	0.315244

0.936743	1.00343	 0 	1.08831	0.0112826	0.438443

0.95384	1.00343	 0 	1.11506	0.0197571	0.604322

0.967939	1.00343	 0 	1.14985	0.0329315	0.844166

0.979495	1.00343	 0 	1.19047	0.0483444	1.20442

0.988919	1.00343	 0 	1.25182	0.0522276	1.71523

0.996573	1.00343	 0 	1.51356	0.0136485	2.22927

1.00343	1.00343	 0 	2.48644	-0.0136485	2.22927

