Title = "F2d" 

VARIABLES = "x" "y" "z" "u" "v" "p" 

ZONE I=34 J=34 K=1, F=POINT 

-0.00342678	-0.00342678	 0 	2.51799e-06	-2.51634e-06	-0.0200551

0.00342678	-0.00342678	 0 	-2.51799e-06	2.51634e-06	-0.0200551

0.0110811	-0.00342678	 0 	-7.70334e-06	6.31141e-06	-0.0200539

0.0205051	-0.00342678	 0 	-1.43834e-05	7.98245e-06	-0.020069

0.0320609	-0.00342678	 0 	-2.16853e-05	6.31669e-06	-0.0201242

0.0461598	-0.00342678	 0 	-2.4279e-05	1.01612e-06	-0.0202445

0.0632574	-0.00342678	 0 	-1.26456e-05	-7.36671e-06	-0.0204493

0.083839	-0.00342678	 0 	2.6226e-05	-1.77718e-05	-0.0207455

0.108396	-0.00342678	 0 	0.000107375	-2.88856e-05	-0.0211189

0.137389	-0.00342678	 0 	0.000245204	-3.93301e-05	-0.0215279

0.171197	-0.00342678	 0 	0.000449846	-4.78676e-05	-0.0219023

0.210054	-0.00342678	 0 	0.000723516	-5.35944e-05	-0.0221495

0.253981	-0.00342678	 0 	0.00105796	-5.59786e-05	-0.0221653

0.30272	-0.00342678	 0 	0.0014331	-5.46085e-05	-0.0218434

0.355693	-0.00342678	 0 	0.00181545	-4.87703e-05	-0.0210839

0.411992	-0.00342678	 0 	0.00215578	-3.73045e-05	-0.0198117

0.47042	-0.00342678	 0 	0.0023903	-1.92397e-05	-0.0180267

0.52958	-0.00342678	 0 	0.00245371	4.81551e-06	-0.0158757

0.588008	-0.00342678	 0 	0.002307	3.14425e-05	-0.0136822

0.644307	-0.00342678	 0 	0.00196577	5.48026e-05	-0.0118613

0.69728	-0.00342678	 0 	0.0015039	6.91759e-05	-0.0107312

0.746019	-0.00342678	 0 	0.00102233	7.19563e-05	-0.0103637

0.789946	-0.00342678	 0 	0.000605247	6.45324e-05	-0.010596

0.828803	-0.00342678	 0 	0.000295349	5.06715e-05	-0.0111641

0.862611	-0.00342678	 0 	9.62249e-05	3.43545e-05	-0.0118293

0.891604	-0.00342678	 0 	-1.16957e-05	1.85933e-05	-0.0124346

0.916161	-0.00342678	 0 	-5.57661e-05	5.26727e-06	-0.0129053

0.936743	-0.00342678	 0 	-6.16706e-05	-4.58695e-06	-0.0132253

0.95384	-0.00342678	 0 	-4.9357e-05	-1.04729e-05	-0.0134129

0.967939	-0.00342678	 0 	-3.22171e-05	-1.23185e-05	-0.0135015

0.979495	-0.00342678	 0 	-1.77247e-05	-1.06091e-05	-0.0135279

0.988919	-0.00342678	 0 	-8.32026e-06	-6.63074e-06	-0.0135246

0.996573	-0.00342678	 0 	-2.29845e-06	-2.29877e-06	-0.0135164

1.00343	-0.00342678	 0 	2.29845e-06	2.29877e-06	-0.0135164

-0.00342678	0.00342678	 0 	-2.51799e-06	2.51634e-06	-0.0200551

0.00342678	0.00342678	 0 	2.11221e-06	-2.11125e-06	-0.0200551

0.0110811	0.00342678	 0 	1.17593e-05	-5.90876e-06	-0.0200539

0.0205051	0.00342678	 0 	3.11314e-05	-7.66406e-06	-0.020069

0.0320609	0.00342678	 0 	5.58877e-05	-6.95874e-06	-0.0201242

0.0461598	0.00342678	 0 	7.63819e-05	-4.29516e-06	-0.0202445

0.0632574	0.00342678	 0 	7.91369e-05	-4.49193e-07	-0.0204493

0.083839	0.00342678	 0 	4.79472e-05	3.87294e-06	-0.0207455

0.108396	0.00342678	 0 	-3.43268e-05	8.08717e-06	-0.0211189

0.137389	0.00342678	 0 	-0.000182832	1.17317e-05	-0.0215279

0.171197	0.00342678	 0 	-0.000407069	1.44887e-05	-0.0219023

0.210054	0.00342678	 0 	-0.000707633	1.62138e-05	-0.0221495

0.253981	0.00342678	 0 	-0.00107448	1.691e-05	-0.0221653

0.30272	0.00342678	 0 	-0.00148626	1.65906e-05	-0.0218434

0.355693	0.00342678	 0 	-0.00190842	1.508e-05	-0.0210839

0.411992	0.00342678	 0 	-0.00228902	1.19272e-05	-0.0198117

0.47042	0.00342678	 0 	-0.00255766	6.61962e-06	-0.0180267

0.52958	0.00342678	 0 	-0.00263845	-8.80824e-07	-0.0158757

0.588008	0.00342678	 0 	-0.00248195	-9.58094e-06	-0.0136822

0.644307	0.00342678	 0 	-0.00210079	-1.7456e-05	-0.0118613

0.69728	0.00342678	 0 	-0.00157751	-2.23494e-05	-0.0107312

0.746019	0.00342678	 0 	-0.00102962	-2.31951e-05	-0.0103637

0.789946	0.00342678	 0 	-0.000556905	-2.04363e-05	-0.010596

0.828803	0.00342678	 0 	-0.000210491	-1.53979e-05	-0.0111641

0.862611	0.00342678	 0 	4.92968e-06	-9.44851e-06	-0.0118293

0.891604	0.00342678	 0 	0.000112166	-3.58822e-06	-0.0124346

0.916161	0.00342678	 0 	0.000143352	1.56189e-06	-0.0129053

0.936743	0.00342678	 0 	0.000129026	5.59617e-06	-0.0132253

0.95384	0.00342678	 0 	9.36257e-05	8.1606e-06	-0.0134129

0.967939	0.00342678	 0 	5.4634e-05	8.86609e-06	-0.0135015

0.979495	0.00342678	 0 	2.32305e-05	7.36899e-06	-0.0135279

0.988919	0.00342678	 0 	4.96615e-06	3.81649e-06	-0.0135246

0.996573	0.00342678	 0 	-5.22475e-07	-5.21274e-07	-0.0135164

1.00343	0.00342678	 0 	-2.29845e-06	-2.29877e-06	-0.0135164

-0.00342678	0.0110811	 0 	-6.32531e-06	7.70243e-06	-0.0200563

0.00342678	0.0110811	 0 	5.91708e-06	-1.17621e-05	-0.0200563

0.0110811	0.0110811	 0 	2.43774e-05	-2.43519e-05	-0.0200551

0.0205051	0.0110811	 0 	5.46606e-05	-2.9273e-05	-0.0200699

0.0320609	0.0110811	 0 	8.88796e-05	-2.40625e-05	-0.0201223

0.0461598	0.0110811	 0 	0.000107048	-9.01545e-06	-0.0202349

0.0632574	0.0110811	 0 	7.67722e-05	1.36946e-05	-0.0204266

0.083839	0.0110811	 0 	-4.53029e-05	4.09948e-05	-0.0207052

0.108396	0.0110811	 0 	-0.000308699	6.94531e-05	-0.0210586

0.137389	0.0110811	 0 	-0.00076027	9.56716e-05	-0.0214478

0.171197	0.0110811	 0 	-0.00143241	0.000116741	-0.0218055

0.210054	0.0110811	 0 	-0.00233141	0.000130675	-0.0220411

0.253981	0.0110811	 0 	-0.00342968	0.000136442	-0.0220519

0.30272	0.0110811	 0 	-0.00466168	0.000133254	-0.0217331

0.355693	0.0110811	 0 	-0.00591865	0.000119428	-0.0209861

0.411992	0.0110811	 0 	-0.00704007	9.19763e-05	-0.019738

0.47042	0.0110811	 0 	-0.00781622	4.81855e-05	-0.0179901

0.52958	0.0110811	 0 	-0.00803045	-1.08047e-05	-0.0158871

0.588008	0.0110811	 0 	-0.00755107	-7.67255e-05	-0.0137456

0.644307	0.0110811	 0 	-0.00642692	-0.00013495	-0.0119696

0.69728	0.0110811	 0 	-0.00490135	-0.000170878	-0.0108671

0.746019	0.0110811	 0 	-0.00330943	-0.000177707	-0.0105052

0.789946	0.0110811	 0 	-0.00193162	-0.000158829	-0.010724

0.828803	0.0110811	 0 	-0.00091038	-0.0001237	-0.0112665

0.862611	0.0110811	 0 	-0.00025787	-8.22882e-05	-0.0119015

0.891604	0.0110811	 0 	9.08842e-05	-4.20807e-05	-0.0124782

0.916161	0.0110811	 0 	0.000226793	-7.73876e-06	-0.0129251

0.936743	0.0110811	 0 	0.000235336	1.8088e-05	-0.0132283

0.95384	0.0110811	 0 	0.000183149	3.39196e-05	-0.0134062

0.967939	0.0110811	 0 	0.000115324	3.9075e-05	-0.0134915

0.979495	0.0110811	 0 	5.77308e-05	3.39581e-05	-0.0135185

0.988919	0.0110811	 0 	2.0934e-05	2.09692e-05	-0.0135165

0.996573	0.0110811	 0 	3.79644e-06	4.94865e-06	-0.0135083

1.00343	0.0110811	 0 	-6.62315e-06	-8.31631e-06	-0.0135083

-0.00342678	0.0205051	 0 	-8.03208e-06	1.44053e-05	-0.0200412

0.00342678	0.0205051	 0 	7.70763e-06	-3.11978e-05	-0.0200412

0.0110811	0.0205051	 0 	2.94302e-05	-5.46911e-05	-0.0200403

0.0205051	0.0205051	 0 	6.05904e-05	-6.03558e-05	-0.0200551

0.0320609	0.0205051	 0 	8.80723e-05	-4.23805e-05	-0.0201045

0.0461598	0.0205051	 0 	8.17314e-05	9.54426e-07	-0.0202073

0.0632574	0.0205051	 0 	-9.12613e-06	6.66873e-05	-0.0203806

0.083839	0.0205051	 0 	-0.000255864	0.000147935	-0.0206331

0.108396	0.0205051	 0 	-0.000743589	0.000235162	-0.0209556

0.137389	0.0205051	 0 	-0.00155594	0.000317726	-0.0213135

0.171197	0.0205051	 0 	-0.00275352	0.000385699	-0.0216437

0.210054	0.0205051	 0 	-0.00435154	0.000431571	-0.0218601

0.253981	0.0205051	 0 	-0.00630336	0.00045068	-0.0218628

0.30272	0.0205051	 0 	-0.00849129	0.000439363	-0.0215494

0.355693	0.0205051	 0 	-0.0107175	0.000391748	-0.0208241

0.411992	0.0205051	 0 	-0.0126923	0.000298727	-0.019617

0.47042	0.0205051	 0 	-0.0140444	0.000153008	-0.0179313

0.52958	0.0205051	 0 	-0.0143993	-3.99808e-05	-0.0159078

0.588008	0.0205051	 0 	-0.0135382	-0.000252667	-0.0138514

0.644307	0.0205051	 0 	-0.0115578	-0.000438744	-0.0121483

0.69728	0.0205051	 0 	-0.00888631	-0.000553232	-0.0110901

0.746019	0.0205051	 0 	-0.00610295	-0.000575789	-0.0107374

0.789946	0.0205051	 0 	-0.00368872	-0.000517477	-0.0109349

0.828803	0.0205051	 0 	-0.00188695	-0.000408137	-0.0114371

0.862611	0.0205051	 0 	-0.000717803	-0.000279386	-0.012025

0.891604	0.0205051	 0 	-6.94037e-05	-0.000155192	-0.012557

0.916161	0.0205051	 0 	0.00021414	-5.03943e-05	-0.0129677

0.936743	0.0205051	 0 	0.000278295	2.71861e-05	-0.0132457

0.95384	0.0205051	 0 	0.000234591	7.44763e-05	-0.0134097

0.967939	0.0205051	 0 	0.000156284	9.20215e-05	-0.0134901

0.979495	0.0205051	 0 	8.37941e-05	8.38959e-05	-0.0135167

0.988919	0.0205051	 0 	3.38129e-05	5.76959e-05	-0.0135145

0.996573	0.0205051	 0 	7.30136e-06	2.31008e-05	-0.0135049

1.00343	0.0205051	 0 	-1.05978e-05	-1.77094e-05	-0.0135049

-0.00342678	0.0320609	 0 	-6.42654e-06	2.17885e-05	-0.0199858

0.00342678	0.0320609	 0 	7.08307e-06	-5.62341e-05	-0.0199858

0.0110811	0.0320609	 0 	2.44837e-05	-8.92429e-05	-0.0199877

0.0205051	0.0320609	 0 	4.30781e-05	-8.80041e-05	-0.0200059

0.0320609	0.0320609	 0 	4.26455e-05	-4.19577e-05	-0.0200556

0.0461598	0.0320609	 0 	-1.79567e-05	5.4565e-05	-0.0201521

0.0632574	0.0320609	 0 	-0.000207471	0.000199213	-0.0203099

0.083839	0.0320609	 0 	-0.000625073	0.000380429	-0.0205374

0.108396	0.0320609	 0 	-0.00139293	0.000578727	-0.020828

0.137389	0.0320609	 0 	-0.00263519	0.000770006	-0.0211514

0.171197	0.0320609	 0 	-0.00444564	0.000930186	-0.0214504

0.210054	0.0320609	 0 	-0.00685192	0.00103975	-0.0216442

0.253981	0.0320609	 0 	-0.00978734	0.00108542	-0.0216373

0.30272	0.0320609	 0 	-0.0130739	0.00105659	-0.0213311

0.355693	0.0320609	 0 	-0.0164084	0.000938599	-0.0206331

0.411992	0.0320609	 0 	-0.0193503	0.000710776	-0.0194767

0.47042	0.0320609	 0 	-0.0213444	0.000358276	-0.0178658

0.52958	0.0320609	 0 	-0.0218425	-0.000103191	-0.0159359

0.588008	0.0320609	 0 	-0.0205373	-0.000606939	-0.0139779

0.644307	0.0320609	 0 	-0.0175871	-0.00104479	-0.0123576

0.69728	0.0320609	 0 	-0.0136279	-0.00131368	-0.0113495

0.746019	0.0320609	 0 	-0.0095065	-0.00136814	-0.0110074

0.789946	0.0320609	 0 	-0.00592163	-0.00123475	-0.0111821

0.828803	0.0320609	 0 	-0.003226	-0.000983143	-0.0116407

0.862611	0.0320609	 0 	-0.00144888	-0.0006872	-0.0121782

0.891604	0.0320609	 0 	-0.00042829	-0.000403064	-0.0126633

0.916161	0.0320609	 0 	6.07745e-05	-0.000165126	-0.0130371

0.936743	0.0320609	 0 	0.000226672	9.76476e-06	-0.0132907

0.95384	0.0320609	 0 	0.000226971	0.000117282	-0.0134419

0.967939	0.0320609	 0 	0.000163495	0.000162284	-0.0135179

0.979495	0.0320609	 0 	9.24238e-05	0.000156418	-0.013544

0.988919	0.0320609	 0 	3.89856e-05	0.000115204	-0.0135414

0.996573	0.0320609	 0 	8.75801e-06	5.42409e-05	-0.0135309

1.00343	0.0320609	 0 	-1.23823e-05	-3.22341e-05	-0.0135309

-0.00342678	0.0461598	 0 	-1.14563e-06	2.45301e-05	-0.0198645

0.00342678	0.0461598	 0 	4.52724e-06	-7.74506e-05	-0.0198645

0.0110811	0.0461598	 0 	9.66795e-06	-0.000108187	-0.0198743

0.0205051	0.0461598	 0 	-1.70504e-07	-8.2036e-05	-0.019903

0.0320609	0.0461598	 0 	-5.4518e-05	1.85967e-05	-0.0199604

0.0461598	0.0461598	 0 	-0.000206895	0.00020552	-0.0200579

0.0632574	0.0461598	 0 	-0.00054449	0.00047884	-0.0202075

0.083839	0.0461598	 0 	-0.00119365	0.000822279	-0.0204162

0.108396	0.0461598	 0 	-0.00231314	0.00120277	-0.0206787

0.137389	0.0461598	 0 	-0.004069	0.00157527	-0.0209691

0.171197	0.0461598	 0 	-0.00659137	0.00189164	-0.0212362

0.210054	0.0461598	 0 	-0.00992338	0.00211034	-0.021406

0.253981	0.0461598	 0 	-0.0139776	0.00220102	-0.0213894

0.30272	0.0461598	 0 	-0.0185076	0.00213904	-0.0210925

0.355693	0.0461598	 0 	-0.0230888	0.00189363	-0.0204269

0.411992	0.0461598	 0 	-0.0271078	0.00142512	-0.019329

0.47042	0.0461598	 0 	-0.0298043	0.000708182	-0.0178019

0.52958	0.0461598	 0 	-0.0304444	-0.000220884	-0.0159737

0.588008	0.0461598	 0 	-0.0286342	-0.00122676	-0.0141192

0.644307	0.0461598	 0 	-0.0246073	-0.00209632	-0.0125841

0.69728	0.0461598	 0 	-0.0192273	-0.00262994	-0.0116266

0.746019	0.0461598	 0 	-0.0136267	-0.00274158	-0.0112959

0.789946	0.0461598	 0 	-0.00873571	-0.002485	-0.0114492

0.828803	0.0461598	 0 	-0.00502409	-0.00199735	-0.0118671

0.862611	0.0461598	 0 	-0.00253292	-0.00142403	-0.0123579

0.891604	0.0461598	 0 	-0.00104985	-0.000875418	-0.0128009

0.916161	0.0461598	 0 	-0.000279767	-0.000418027	-0.0131431

0.936743	0.0461598	 0 	4.8935e-05	-8.20319e-05	-0.0133776

0.95384	0.0461598	 0 	0.000139969	0.000128463	-0.0135207

0.967939	0.0461598	 0 	0.000124782	0.000226835	-0.0135959

0.979495	0.0461598	 0 	7.75935e-05	0.000236493	-0.0136248

0.988919	0.0461598	 0 	3.46202e-05	0.000183885	-0.0136259

0.996573	0.0461598	 0 	8.12515e-06	9.31064e-05	-0.0136179

1.00343	0.0461598	 0 	-1.08874e-05	-4.97534e-05	-0.0136179

-0.00342678	0.0632574	 0 	7.464e-06	1.2846e-05	-0.0196556

0.00342678	0.0632574	 0 	7.31968e-07	-8.13488e-05	-0.0196556

0.0110811	0.0632574	 0 	-1.33881e-05	-7.84169e-05	-0.0196794

0.0205051	0.0632574	 0 	-6.78503e-05	9.9659e-06	-0.0197281

0.0320609	0.0632574	 0 	-0.000204863	0.00021092	-0.0198035

0.0461598	0.0632574	 0 	-0.000492631	0.000544857	-0.0199127

0.0632574	0.0632574	 0 	-0.00103806	0.00101639	-0.0200646

0.083839	0.0632574	 0 	-0.0019942	0.00160502	-0.0202642

0.108396	0.0632574	 0 	-0.00355449	0.00226101	-0.0205063

0.137389	0.0632574	 0 	-0.00592507	0.00291024	-0.0207682

0.171197	0.0632574	 0 	-0.0092724	0.00346808	-0.0210053

0.210054	0.0632574	 0 	-0.0136561	0.00385687	-0.0211516

0.253981	0.0632574	 0 	-0.0189669	0.00401592	-0.021126

0.30272	0.0632574	 0 	-0.0248829	0.00389488	-0.0208416

0.355693	0.0632574	 0 	-0.0308433	0.00343579	-0.0202148

0.411992	0.0632574	 0 	-0.0360419	0.00257011	-0.0191838

0.47042	0.0632574	 0 	-0.0394957	0.00125986	-0.0177486

0.52958	0.0632574	 0 	-0.0402774	-0.000421441	-0.016027

0.588008	0.0632574	 0 	-0.0379105	-0.00222778	-0.0142766

0.644307	0.0632574	 0 	-0.0327157	-0.0037822	-0.0128239

0.69728	0.0632574	 0 	-0.0257964	-0.00473718	-0.0119143

0.746019	0.0632574	 0 	-0.0185823	-0.0049461	-0.0115949

0.789946	0.0632574	 0 	-0.0122456	-0.00450618	-0.0117307

0.828803	0.0632574	 0 	-0.00738217	-0.00365987	-0.0121148

0.862611	0.0632574	 0 	-0.00405116	-0.0026638	-0.0125678

0.891604	0.0632574	 0 	-0.00199383	-0.00171208	-0.0129786

0.916161	0.0632574	 0 	-0.000847779	-0.000919393	-0.0132995

0.936743	0.0632574	 0 	-0.000279903	-0.000333977	-0.0135243

0.95384	0.0632574	 0 	-4.03587e-05	4.25604e-05	-0.0136677

0.967939	0.0632574	 0 	3.38644e-05	0.000237002	-0.0137497

0.979495	0.0632574	 0 	3.7827e-05	0.000289372	-0.0137891

0.988919	0.0632574	 0 	2.12694e-05	0.000241428	-0.0138015

0.996573	0.0632574	 0 	5.92488e-06	0.00012992	-0.0138014

1.00343	0.0632574	 0 	-5.96753e-06	-6.38348e-05	-0.0138014

-0.00342678	0.083839	 0 	1.87619e-05	-2.74975e-05	-0.0193483

0.00342678	0.083839	 0 	-3.76764e-06	-5.05547e-05	-0.0193483

0.0110811	0.083839	 0 	-4.27103e-05	4.73422e-05	-0.0193918

0.0205051	0.083839	 0 	-0.00015638	0.000266604	-0.0194702

0.0320609	0.083839	 0 	-0.000404273	0.000645145	-0.0195753

0.0461598	0.083839	 0 	-0.000873186	0.00121353	-0.019709

0.0632574	0.083839	 0 	-0.0016926	0.00198225	-0.0198767

0.083839	0.083839	 0 	-0.00304286	0.00292683	-0.0200804

0.108396	0.083839	 0 	-0.00514961	0.00397803	-0.0203135

0.137389	0.083839	 0 	-0.00825449	0.00502447	-0.0205557

0.171197	0.083839	 0 	-0.0125558	0.00593094	-0.0207682

0.210054	0.083839	 0 	-0.0181269	0.00656557	-0.0208942

0.253981	0.083839	 0 	-0.0248339	0.00681857	-0.0208628

0.30272	0.083839	 0 	-0.0322736	0.00659623	-0.0205959

0.355693	0.083839	 0 	-0.0397376	0.00579707	-0.0200154

0.411992	0.083839	 0 	-0.046212	0.00431098	-0.0190596

0.47042	0.083839	 0 	-0.0504794	0.0020868	-0.0177224

0.52958	0.083839	 0 	-0.051415	-0.000739896	-0.0161077

0.588008	0.083839	 0 	-0.0484629	-0.00375539	-0.0144547

0.644307	0.083839	 0 	-0.042034	-0.00634193	-0.0130739

0.69728	0.083839	 0 	-0.0334733	-0.00793772	-0.0122035

0.746019	0.083839	 0 	-0.0245121	-0.00830946	-0.0118935

0.789946	0.083839	 0 	-0.0165752	-0.00761856	-0.0120178

0.828803	0.083839	 0 	-0.0103993	-0.0062617	-0.0123801

0.862611	0.083839	 0 	-0.00607436	-0.00465839	-0.012811

0.891604	0.083839	 0 	-0.00330516	-0.00312453	-0.0132064

0.916161	0.083839	 0 	-0.00166803	-0.00184315	-0.0135221

0.936743	0.083839	 0 	-0.000770879	-0.000886315	-0.0137521

0.95384	0.083839	 0 	-0.000316734	-0.000250767	-0.0139085

0.967939	0.083839	 0 	-0.000107781	0.000109106	-0.0140088

0.979495	0.083839	 0 	-2.42729e-05	0.000255802	-0.0140693

0.988919	0.083839	 0 	7.92663e-07	0.000251825	-0.0141024

0.996573	0.083839	 0 	2.76897e-06	0.000151014	-0.0141159

1.00343	0.083839	 0 	1.88502e-06	-6.36983e-05	-0.0141159

-0.00342678	0.108396	 0 	3.20979e-05	-0.00011514	-0.018951

0.00342678	0.108396	 0 	-8.64513e-06	3.62047e-05	-0.018951

0.0110811	0.108396	 0 	-7.65756e-05	0.000330535	-0.019019

0.0205051	0.108396	 0 	-0.000261432	0.000793683	-0.0191358

0.0320609	0.108396	 0 	-0.00064508	0.00147364	-0.0192816

0.0461598	0.108396	 0 	-0.00133821	0.00241019	-0.0194529

0.0632574	0.108396	 0 	-0.00249772	0.00361847	-0.0196512

0.083839	0.108396	 0 	-0.00433401	0.00506819	-0.0198746

0.108396	0.108396	 0 	-0.00710348	0.00666663	-0.0201138

0.137389	0.108396	 0 	-0.0110773	0.00825688	-0.020349

0.171197	0.108396	 0 	-0.016477	0.0096385	-0.0205469

0.210054	0.108396	 0 	-0.0233817	0.0106049	-0.0206602

0.253981	0.108396	 0 	-0.0316276	0.0109734	-0.0206298

0.30272	0.108396	 0 	-0.0407258	0.0105828	-0.0203883

0.355693	0.108396	 0 	-0.0498142	0.00926553	-0.0198631

0.411992	0.108396	 0 	-0.057665	0.00685397	-0.0189909

0.47042	0.108396	 0 	-0.0628213	0.00328517	-0.0177544

0.52958	0.108396	 0 	-0.0639595	-0.00120967	-0.0162395

0.588008	0.108396	 0 	-0.0604386	-0.00597686	-0.0146665

0.644307	0.108396	 0 	-0.0527469	-0.0100619	-0.0133355

0.69728	0.108396	 0 	-0.0424559	-0.012605	-0.0124863

0.746019	0.108396	 0 	-0.0315982	-0.0132502	-0.0121793

0.789946	0.108396	 0 	-0.0218699	-0.0122453	-0.0122993

0.828803	0.108396	 0 	-0.0141755	-0.0102008	-0.0126573

0.862611	0.108396	 0 	-0.00866082	-0.00776386	-0.0130891

0.891604	0.108396	 0 	-0.00501009	-0.00542031	-0.0134935

0.916161	0.108396	 0 	-0.00274631	-0.00344738	-0.013827

0.936743	0.108396	 0 	-0.00141917	-0.00194943	-0.0140823

0.95384	0.108396	 0 	-0.000680749	-0.000917007	-0.0142688

0.967939	0.108396	 0 	-0.000292449	-0.00028044	-0.0144015

0.979495	0.108396	 0 	-0.000103661	5.12006e-05	-0.0144947

0.988919	0.108396	 0 	-2.44948e-05	0.000166351	-0.0145575

0.996573	0.108396	 0 	-8.04756e-07	0.000139709	-0.0145896

1.00343	0.108396	 0 	1.18943e-05	-3.44998e-05	-0.0145896

-0.00342678	0.137389	 0 	4.69325e-05	-0.000272756	-0.0185029

0.00342678	0.137389	 0 	-1.37404e-05	0.000203972	-0.0185029

0.0110811	0.137389	 0 	-0.000113703	0.000845625	-0.0185992

0.0205051	0.137389	 0 	-0.000378975	0.00172196	-0.0187612

0.0320609	0.137389	 0 	-0.000918452	0.00288849	-0.018957

0.0461598	0.137389	 0 	-0.00187238	0.00439005	-0.0191773

0.0632574	0.137389	 0 	-0.00343134	0.00624076	-0.01942

0.083839	0.137389	 0 	-0.00584077	0.00839776	-0.0196788

0.108396	0.137389	 0 	-0.00938896	0.0107372	-0.0199406

0.137389	0.137389	 0 	-0.0143715	0.0130464	-0.020185

0.171197	0.137389	 0 	-0.0210229	0.0150452	-0.0203826

0.210054	0.137389	 0 	-0.0294162	0.0164316	-0.0204958

0.253981	0.137389	 0 	-0.0393492	0.0169239	-0.0204783

0.30272	0.137389	 0 	-0.0502447	0.0162639	-0.0202743

0.355693	0.137389	 0 	-0.0610891	0.0141899	-0.0198167

0.411992	0.137389	 0 	-0.0704446	0.0104566	-0.0190365

0.47042	0.137389	 0 	-0.0766189	0.00499094	-0.0178998

0.52958	0.137389	 0 	-0.078084	-0.00184063	-0.0164689

0.588008	0.137389	 0 	-0.0740905	-0.0090607	-0.0149451

0.644307	0.137389	 0 	-0.0651621	-0.0152646	-0.0136256

0.69728	0.137389	 0 	-0.0530603	-0.0191883	-0.0127651

0.746019	0.137389	 0 	-0.0401164	-0.0202986	-0.0124455

0.789946	0.137389	 0 	-0.0283348	-0.018945	-0.0125655

0.828803	0.137389	 0 	-0.0188401	-0.0160192	-0.0129399

0.862611	0.137389	 0 	-0.0118763	-0.0124755	-0.0134019

0.891604	0.137389	 0 	-0.00713107	-0.00903142	-0.0138469

0.916161	0.137389	 0 	-0.00408099	-0.00609421	-0.0142276

0.936743	0.137389	 0 	-0.00221349	-0.00381507	-0.014533

0.95384	0.137389	 0 	-0.00112019	-0.00218062	-0.0147696

0.967939	0.137389	 0 	-0.00051111	-0.00109404	-0.01495

0.979495	0.137389	 0 	-0.000195324	-0.000431321	-0.0150874

0.988919	0.137389	 0 	-5.26107e-05	-7.38007e-05	-0.0151877

0.996573	0.137389	 0 	-4.41145e-06	7.75433e-05	-0.0152427

1.00343	0.137389	 0 	2.33425e-05	4.19429e-05	-0.0152427

-0.00342678	0.171197	 0 	6.28435e-05	-0.00052618	-0.0180871

0.00342678	0.171197	 0 	-1.89936e-05	0.000481018	-0.0180871

0.0110811	0.171197	 0 	-0.000153183	0.00167739	-0.0182143

0.0205051	0.171197	 0 	-0.000505581	0.00320141	-0.0184264

0.0320609	0.171197	 0 	-0.00121577	0.00511237	-0.0186791

0.0461598	0.171197	 0 	-0.00245849	0.00745277	-0.0189573

0.0632574	0.171197	 0 	-0.00446415	0.0102249	-0.0192556

0.083839	0.171197	 0 	-0.00751952	0.0133597	-0.0195633

0.108396	0.171197	 0 	-0.0119485	0.0166873	-0.0198633

0.137389	0.171197	 0 	-0.0180692	0.0199248	-0.0201337

0.171197	0.171197	 0 	-0.0261207	0.0226965	-0.0203487

0.210054	0.171197	 0 	-0.0361579	0.0245864	-0.0204796

0.253981	0.171197	 0 	-0.0479315	0.0251892	-0.0204932

0.30272	0.171197	 0 	-0.0607772	0.0241197	-0.0203455

0.355693	0.171197	 0 	-0.0735416	0.0209895	-0.0199728

0.411992	0.171197	 0 	-0.0845947	0.0154506	-0.0192958

0.47042	0.171197	 0 	-0.0920196	0.00741738	-0.0182559

0.52958	0.171197	 0 	-0.0940696	-0.00257286	-0.0168845

0.588008	0.171197	 0 	-0.0898321	-0.0131339	-0.0153631

0.644307	0.171197	 0 	-0.0797819	-0.0222832	-0.0139949

0.69728	0.171197	 0 	-0.0658022	-0.028216	-0.0130671

0.746019	0.171197	 0 	-0.05052	-0.0301277	-0.0127

0.789946	0.171197	 0 	-0.0363139	-0.0284613	-0.0128141

0.828803	0.171197	 0 	-0.0246197	-0.0244575	-0.0132231

0.862611	0.171197	 0 	-0.0158502	-0.019476	-0.013748

0.891604	0.171197	 0 	-0.00973071	-0.0145506	-0.0142703

0.916161	0.171197	 0 	-0.00569592	-0.0102726	-0.0147325

0.936743	0.171197	 0 	-0.003159	-0.00686752	-0.0151167

0.95384	0.171197	 0 	-0.00163346	-0.00432826	-0.0154257

0.967939	0.171197	 0 	-0.000761142	-0.00253204	-0.0156703

0.979495	0.171197	 0 	-0.000297533	-0.00131901	-0.0158634

0.988919	0.171197	 0 	-8.28306e-05	-0.000535995	-0.016009

0.996573	0.171197	 0 	-7.90543e-06	-5.50806e-05	-0.0160904

1.00343	0.171197	 0 	3.59678e-05	0.000186726	-0.0160904

-0.00342678	0.210054	 0 	7.9442e-05	-0.000902682	-0.0178465

0.00342678	0.210054	 0 	-2.43703e-05	0.000897364	-0.0178465

0.0110811	0.210054	 0 	-0.000194202	0.00291542	-0.0180063

0.0205051	0.210054	 0 	-0.000637957	0.00539049	-0.0182717

0.0320609	0.210054	 0 	-0.00152824	0.008381	-0.0185853

0.0461598	0.210054	 0 	-0.00307764	0.0119173	-0.0189271

0.0632574	0.210054	 0 	-0.00556116	0.0159741	-0.0192883

0.083839	0.210054	 0 	-0.00931251	0.0204355	-0.0196546

0.108396	0.210054	 0 	-0.0146961	0.0250621	-0.0200053

0.137389	0.210054	 0 	-0.0220548	0.0294786	-0.0203175

0.171197	0.210054	 0 	-0.0316282	0.0331957	-0.0205689

0.210054	0.210054	 0 	-0.0434465	0.0356675	-0.0207401

0.253981	0.210054	 0 	-0.0572103	0.0363471	-0.0208107

0.30272	0.210054	 0 	-0.0721767	0.0346968	-0.0207474

0.355693	0.210054	 0 	-0.0870778	0.0301695	-0.0204868

0.411992	0.210054	 0 	-0.100124	0.0222829	-0.0199324

0.47042	0.210054	 0 	-0.109192	0.0109206	-0.01899

0.52958	0.210054	 0 	-0.112288	-0.00319469	-0.0176492

0.588008	0.210054	 0 	-0.108243	-0.0182012	-0.0160664

0.644307	0.210054	 0 	-0.0973403	-0.0314058	-0.0145596

0.69728	0.210054	 0 	-0.081471	-0.0402798	-0.0134708

0.746019	0.210054	 0 	-0.0635424	-0.0435827	-0.0129854

0.789946	0.210054	 0 	-0.0464042	-0.0417845	-0.0130613

0.828803	0.210054	 0 	-0.0319479	-0.0365302	-0.0135098

0.862611	0.210054	 0 	-0.020869	-0.0297075	-0.0141263

0.891604	0.210054	 0 	-0.0129844	-0.0227899	-0.0147646

0.916161	0.210054	 0 	-0.00769196	-0.0166415	-0.0153467

0.936743	0.210054	 0 	-0.0043106	-0.0116134	-0.015843

0.95384	0.210054	 0 	-0.00224875	-0.00772892	-0.0162505

0.967939	0.210054	 0 	-0.00105582	-0.00484639	-0.0165791

0.979495	0.210054	 0 	-0.000415661	-0.0027684	-0.0168423

0.988919	0.210054	 0 	-0.000116761	-0.00130132	-0.0170429

0.996573	0.210054	 0 	-1.1485e-05	-0.000280747	-0.0171559

1.00343	0.210054	 0 	5.04241e-05	0.000425413	-0.0171559

-0.00342678	0.253981	 0 	9.61989e-05	-0.00142774	-0.017999

0.00342678	0.253981	 0 	-2.97771e-05	0.00148148	-0.017999

0.0110811	0.253981	 0 	-0.000235573	0.00464368	-0.0181917

0.0205051	0.253981	 0 	-0.000771685	0.00843687	-0.018511

0.0320609	0.253981	 0 	-0.00184444	0.0129134	-0.0188868

0.0461598	0.253981	 0 	-0.00370558	0.0180798	-0.019294

0.0632574	0.253981	 0 	-0.00667687	0.0238638	-0.0197213

0.083839	0.253981	 0 	-0.0111423	0.0300757	-0.0201513

0.108396	0.253981	 0 	-0.0175111	0.0363763	-0.0205612

0.137389	0.253981	 0 	-0.0261546	0.0422684	-0.0209283

0.171197	0.253981	 0 	-0.037316	0.0471278	-0.0212358

0.210054	0.253981	 0 	-0.051003	0.0502662	-0.0214748

0.253981	0.253981	 0 	-0.0668735	0.0509871	-0.0216383

0.30272	0.253981	 0 	-0.0841289	0.0485865	-0.0217022

0.355693	0.253981	 0 	-0.101429	0.042331	-0.0215993

0.411992	0.253981	 0 	-0.116875	0.0315625	-0.0212072

0.47042	0.253981	 0 	-0.128169	0.0160868	-0.0203813

0.52958	0.253981	 0 	-0.133034	-0.00322244	-0.0190501

0.588008	0.253981	 0 	-0.129912	-0.0240106	-0.01733

0.644307	0.253981	 0 	-0.118699	-0.0427536	-0.0155566

0.69728	0.253981	 0 	-0.1011	-0.0559596	-0.0141539

0.746019	0.253981	 0 	-0.080243	-0.0616703	-0.013414

0.789946	0.253981	 0 	-0.0595525	-0.0602034	-0.0133649

0.828803	0.253981	 0 	-0.0415784	-0.053617	-0.0138229

0.862611	0.253981	 0 	-0.0274799	-0.0444779	-0.0145436

0.891604	0.253981	 0 	-0.0172613	-0.0348845	-0.0153329

0.916161	0.253981	 0 	-0.0103032	-0.0261219	-0.0160768

0.936743	0.253981	 0 	-0.00580786	-0.0187592	-0.0167248

0.95384	0.253981	 0 	-0.00304331	-0.0128958	-0.0172649

0.967939	0.253981	 0 	-0.00143365	-0.00838735	-0.0177049

0.979495	0.253981	 0 	-0.000565907	-0.00499768	-0.01806

0.988919	0.253981	 0 	-0.000159402	-0.00248349	-0.018332

0.996573	0.253981	 0 	-1.5802e-05	-0.000631759	-0.0184856

1.00343	0.253981	 0 	6.87329e-05	0.00079373	-0.0184856

-0.00342678	0.30272	 0 	0.000112198	-0.00211946	-0.0188425

0.00342678	0.30272	 0 	-3.49609e-05	0.00225403	-0.0188425

0.0110811	0.30272	 0 	-0.0002751	0.00692201	-0.0190666

0.0205051	0.30272	 0 	-0.000899329	0.0124449	-0.0194372

0.0320609	0.30272	 0 	-0.00214625	0.0188634	-0.0198724

0.0461598	0.30272	 0 	-0.00430528	0.0261473	-0.0203424

0.0632574	0.30272	 0 	-0.0077438	0.0341562	-0.0208342

0.083839	0.30272	 0 	-0.0128957	0.042597	-0.0213285

0.108396	0.30272	 0 	-0.0202166	0.0509956	-0.021802

0.137389	0.30272	 0 	-0.0301096	0.0587003	-0.0222354

0.171197	0.30272	 0 	-0.0428285	0.0649292	-0.0226203

0.210054	0.30272	 0 	-0.0583689	0.0688455	-0.0229617

0.253981	0.30272	 0 	-0.0763667	0.0696076	-0.0232683

0.30272	0.30272	 0 	-0.0960056	0.0663479	-0.0235259

0.355693	0.30272	 0 	-0.115935	0.0581295	-0.0236606

0.411992	0.30272	 0 	-0.134228	0.0440664	-0.0235143

0.47042	0.30272	 0 	-0.148464	0.0237953	-0.0228711

0.52958	0.30272	 0 	-0.156071	-0.00177183	-0.0215656

0.588008	0.30272	 0 	-0.154969	-0.0298614	-0.0196394

0.644307	0.30272	 0 	-0.144415	-0.0560522	-0.0174321

0.69728	0.30272	 0 	-0.125648	-0.0756079	-0.0154769

0.746019	0.30272	 0 	-0.10183	-0.0854165	-0.0142349

0.789946	0.30272	 0 	-0.0770015	-0.0852691	-0.0138689

0.828803	0.30272	 0 	-0.0546066	-0.0775257	-0.0142302

0.862611	0.30272	 0 	-0.0365406	-0.0655879	-0.0150253

0.891604	0.30272	 0 	-0.0231738	-0.0524482	-0.0159845

0.916161	0.30272	 0 	-0.0139341	-0.0400543	-0.0169322

0.936743	0.30272	 0 	-0.00789863	-0.0293533	-0.0177807

0.95384	0.30272	 0 	-0.00415677	-0.0206054	-0.0185001

0.967939	0.30272	 0 	-0.00196493	-0.0136953	-0.0190931

0.979495	0.30272	 0 	-0.000777978	-0.0083505	-0.0195756

0.988919	0.30272	 0 	-0.000219931	-0.00426614	-0.0199472

0.996573	0.30272	 0 	-2.2051e-05	-0.0011633	-0.0201577

1.00343	0.30272	 0 	9.46103e-05	0.00134878	-0.0201577

-0.00342678	0.355693	 0 	0.000125909	-0.00298002	-0.0207364

0.00342678	0.355693	 0 	-3.94165e-05	0.00321778	-0.0207364

0.0110811	0.355693	 0 	-0.000308981	0.00975782	-0.0209873

0.0205051	0.355693	 0 	-0.00100869	0.0174271	-0.021402

0.0320609	0.355693	 0 	-0.00240491	0.026249	-0.0218884

0.0461598	0.355693	 0 	-0.00481981	0.0361446	-0.0224131

0.0632574	0.355693	 0 	-0.00866075	0.046884	-0.0229624

0.083839	0.355693	 0 	-0.0144063	0.0580419	-0.0235169

0.108396	0.355693	 0 	-0.0225546	0.0689752	-0.0240556

0.137389	0.355693	 0 	-0.0335407	0.0788458	-0.0245664

0.171197	0.355693	 0 	-0.0476332	0.0866953	-0.0250541

0.210054	0.355693	 0 	-0.0648281	0.09154	-0.0255435

0.253981	0.355693	 0 	-0.084764	0.0924151	-0.0260646

0.30272	0.355693	 0 	-0.106656	0.0883147	-0.0266186

0.355693	0.355693	 0 	-0.129224	0.0780989	-0.0271266

0.411992	0.355693	 0 	-0.150623	0.0605983	-0.0273876

0.47042	0.355693	 0 	-0.168425	0.0351445	-0.0270888

0.52958	0.355693	 0 	-0.17982	0.00247974	-0.0259183

0.588008	0.355693	 0 	-0.18215	-0.0344134	-0.0237747

0.644307	0.355693	 0 	-0.173797	-0.0702809	-0.0209513

0.69728	0.355693	 0 	-0.155152	-0.0989005	-0.0181028

0.746019	0.355693	 0 	-0.129014	-0.115438	-0.0159432

0.789946	0.355693	 0 	-0.0998768	-0.1185	-0.0148837

0.828803	0.355693	 0 	-0.0722473	-0.110376	-0.0148902

0.862611	0.355693	 0 	-0.0491173	-0.095369	-0.0156324

0.891604	0.355693	 0 	-0.0315371	-0.0777071	-0.0167327

0.916161	0.355693	 0 	-0.0191465	-0.0603727	-0.0179124

0.936743	0.355693	 0 	-0.0109366	-0.0449629	-0.0190157

0.95384	0.355693	 0 	-0.00579178	-0.0320528	-0.0199764

0.967939	0.355693	 0 	-0.00275277	-0.0216237	-0.0207826

0.979495	0.355693	 0 	-0.00109578	-0.0133831	-0.0214473

0.988919	0.355693	 0 	-0.000312008	-0.00695424	-0.0219642

0.996573	0.355693	 0 	-3.2037e-05	-0.00197189	-0.0222588

1.00343	0.355693	 0 	0.000133564	0.00218447	-0.0222588

-0.00342678	0.411992	 0 	0.000135259	-0.00398571	-0.0240387

0.00342678	0.411992	 0 	-4.23939e-05	0.00434549	-0.0240387

0.0110811	0.411992	 0 	-0.000331969	0.0130727	-0.0243082

0.0205051	0.411992	 0 	-0.00108338	0.0232474	-0.0247535

0.0320609	0.411992	 0 	-0.00258257	0.0348719	-0.0252762

0.0461598	0.411992	 0 	-0.00517523	0.0478083	-0.025841

0.0632574	0.411992	 0 	-0.00929788	0.06172	-0.026435

0.083839	0.411992	 0 	-0.0154619	0.0760243	-0.0270412

0.108396	0.411992	 0 	-0.0241964	0.0898793	-0.0276441

0.137389	0.411992	 0 	-0.0359583	0.102233	-0.0282433

0.171197	0.411992	 0 	-0.0510237	0.111939	-0.0288634

0.210054	0.411992	 0 	-0.0693875	0.117877	-0.0295567

0.253981	0.411992	 0 	-0.090703	0.119004	-0.0303859

0.30272	0.411992	 0 	-0.114256	0.11423	-0.0313803

0.355693	0.411992	 0 	-0.138928	0.102248	-0.0324681

0.411992	0.411992	 0 	-0.163101	0.0815721	-0.0334075

0.47042	0.411992	 0 	-0.184541	0.0510786	-0.033764

0.52958	0.411992	 0 	-0.200411	0.0110568	-0.0330104

0.588008	0.411992	 0 	-0.207595	-0.0356702	-0.0307903

0.644307	0.411992	 0 	-0.203516	-0.0833152	-0.0272383

0.69728	0.411992	 0 	-0.187298	-0.12415	-0.0230911

0.746019	0.411992	 0 	-0.160738	-0.151074	-0.0193983

0.789946	0.411992	 0 	-0.128217	-0.160568	-0.0169916

0.828803	0.411992	 0 	-0.0951993	-0.154017	-0.0161169

0.862611	0.411992	 0 	-0.0661155	-0.136371	-0.0164808

0.891604	0.411992	 0 	-0.0431731	-0.113401	-0.0175766

0.916161	0.411992	 0 	-0.0265619	-0.089638	-0.0189636

0.936743	0.411992	 0 	-0.0153356	-0.0677686	-0.0203625

0.95384	0.411992	 0 	-0.00819417	-0.0489627	-0.0216344

0.967939	0.411992	 0 	-0.00392556	-0.0334402	-0.0227322

0.979495	0.411992	 0 	-0.00157518	-0.0209412	-0.0236559

0.988919	0.411992	 0 	-0.000453444	-0.0110224	-0.0243845

0.996573	0.411992	 0 	-4.8245e-05	-0.00321427	-0.0248035

1.00343	0.411992	 0 	0.000192661	0.00344576	-0.0248035

-0.00342678	0.47042	 0 	0.00013844	-0.00508157	-0.0289916

0.00342678	0.47042	 0 	-4.31735e-05	0.00557271	-0.0289916

0.0110811	0.47042	 0 	-0.000339391	0.0166838	-0.0292681

0.0205051	0.47042	 0 	-0.00110924	0.0295916	-0.0297257

0.0320609	0.47042	 0 	-0.00264705	0.0442754	-0.0302645

0.0461598	0.47042	 0 	-0.00530917	0.0605324	-0.03085

0.0632574	0.47042	 0 	-0.00954533	0.0779074	-0.0314712

0.083839	0.47042	 0 	-0.0158802	0.0956406	-0.0321157

0.108396	0.47042	 0 	-0.0248501	0.112666	-0.0327766

0.137389	0.47042	 0 	-0.0369054	0.127695	-0.0334686

0.171197	0.47042	 0 	-0.0522958	0.139381	-0.0342421

0.210054	0.47042	 0 	-0.0709798	0.146495	-0.0351873

0.253981	0.47042	 0 	-0.0926008	0.147979	-0.036416

0.30272	0.47042	 0 	-0.116524	0.142759	-0.0380085

0.355693	0.47042	 0 	-0.141862	0.129457	-0.0399271

0.411992	0.47042	 0 	-0.167396	0.106304	-0.0419087

0.47042	0.47042	 0 	-0.191385	0.0716315	-0.0433889

0.52958	0.47042	 0 	-0.211364	0.0249973	-0.0435594

0.588008	0.47042	 0 	-0.224179	-0.0314219	-0.0416679

0.644307	0.47042	 0 	-0.226501	-0.0919139	-0.0375038

0.69728	0.47042	 0 	-0.215956	-0.147687	-0.0317443

0.746019	0.47042	 0 	-0.192545	-0.189213	-0.0257878

0.789946	0.47042	 0 	-0.159497	-0.209847	-0.0210801

0.828803	0.47042	 0 	-0.122529	-0.208663	-0.0184186

0.862611	0.47042	 0 	-0.087556	-0.190327	-0.0177413

0.891604	0.47042	 0 	-0.0584893	-0.162115	-0.0184533

0.916161	0.47042	 0 	-0.0366356	-0.130657	-0.0198897

0.936743	0.47042	 0 	-0.0214561	-0.100374	-0.0215642

0.95384	0.47042	 0 	-0.0116005	-0.0735106	-0.0231991

0.967939	0.47042	 0 	-0.00561534	-0.0508063	-0.0246718

0.979495	0.47042	 0 	-0.0022768	-0.032167	-0.0259472

0.988919	0.47042	 0 	-0.000664729	-0.0171287	-0.0269732

0.996573	0.47042	 0 	-7.38969e-05	-0.00511774	-0.0275704

1.00343	0.47042	 0 	0.000279722	0.00533179	-0.0275704

-0.00342678	0.52958	 0 	0.000135754	-0.00619139	-0.0355894

0.00342678	0.52958	 0 	-4.1742e-05	0.00680924	-0.0355894

0.0110811	0.52958	 0 	-0.000331836	0.0203376	-0.0358622

0.0205051	0.52958	 0 	-0.00108887	0.0360243	-0.0363154

0.0320609	0.52958	 0 	-0.00260501	0.0538265	-0.0368521

0.0461598	0.52958	 0 	-0.00523438	0.0734735	-0.0374398

0.0632574	0.52958	 0 	-0.00942153	0.0943818	-0.0380701

0.083839	0.52958	 0 	-0.0156772	0.115596	-0.0387342

0.108396	0.52958	 0 	-0.0245049	0.135799	-0.0394325

0.137389	0.52958	 0 	-0.0362899	0.153438	-0.0401943

0.171197	0.52958	 0 	-0.0511791	0.166961	-0.0410982

0.210054	0.52958	 0 	-0.0690086	0.175066	-0.0422832

0.253981	0.52958	 0 	-0.0893362	0.176773	-0.0439314

0.30272	0.52958	 0 	-0.11157	0.171175	-0.0462076

0.355693	0.52958	 0 	-0.135093	0.156996	-0.0491486

0.411992	0.52958	 0 	-0.159246	0.132338	-0.0525108

0.47042	0.52958	 0 	-0.18311	0.0950439	-0.0556214

0.52958	0.52958	 0 	-0.205133	0.0437963	-0.0573641

0.588008	0.52958	 0 	-0.222804	-0.0203394	-0.0564775

0.644307	0.52958	 0 	-0.23268	-0.092573	-0.052191

0.69728	0.52958	 0 	-0.231105	-0.16409	-0.0448655

0.746019	0.52958	 0 	-0.215733	-0.223587	-0.0360955

0.789946	0.52958	 0 	-0.18732	-0.260825	-0.0280309

0.828803	0.52958	 0 	-0.150374	-0.27089	-0.0223344

0.862611	0.52958	 0 	-0.111581	-0.256252	-0.0195264

0.891604	0.52958	 0 	-0.0768342	-0.224771	-0.0191111

0.916161	0.52958	 0 	-0.0492813	-0.185413	-0.0201925

0.936743	0.52958	 0 	-0.0294042	-0.145099	-0.0219807

0.95384	0.52958	 0 	-0.0161385	-0.107879	-0.0239608

0.967939	0.52958	 0 	-0.00791371	-0.0755139	-0.0258651

0.979495	0.52958	 0 	-0.00324984	-0.0483555	-0.0275823

0.988919	0.52958	 0 	-0.000965031	-0.0260513	-0.0289998

0.996573	0.52958	 0 	-0.000112762	-0.00796887	-0.0298375

1.00343	0.52958	 0 	0.00040144	0.00807465	-0.0298375

-0.00342678	0.588008	 0 	0.000132015	-0.00725163	-0.043522

0.00342678	0.588008	 0 	-3.96995e-05	0.00797942	-0.043522

0.0110811	0.588008	 0 	-0.000321269	0.0238221	-0.0437899

0.0205051	0.588008	 0 	-0.00106036	0.0421805	-0.0442368

0.0320609	0.588008	 0 	-0.00254458	0.0629883	-0.0447688

0.0461598	0.588008	 0 	-0.00511965	0.085899	-0.0453537

0.0632574	0.588008	 0 	-0.00920958	0.110182	-0.0459809

0.083839	0.588008	 0 	-0.0152776	0.134654	-0.046638

0.108396	0.588008	 0 	-0.0237309	0.157708	-0.0473216

0.137389	0.588008	 0 	-0.0347897	0.177493	-0.0480655

0.171197	0.588008	 0 	-0.0483672	0.192255	-0.0489738

0.210054	0.588008	 0 	-0.0640401	0.20068	-0.0502455

0.253981	0.588008	 0 	-0.0811732	0.202003	-0.0521621

0.30272	0.588008	 0 	-0.0991662	0.195679	-0.0550128

0.355693	0.588008	 0 	-0.117691	0.180771	-0.0589546

0.411992	0.588008	 0 	-0.13676	0.155513	-0.0638101

0.47042	0.588008	 0 	-0.156522	0.117491	-0.0688439

0.52958	0.588008	 0 	-0.176795	0.0646135	-0.0726623

0.588008	0.588008	 0 	-0.196433	-0.00339046	-0.0734754

0.644307	0.588008	 0 	-0.212811	-0.0834347	-0.069824

0.69728	0.588008	 0 	-0.221839	-0.168099	-0.0614824

0.746019	0.588008	 0 	-0.219047	-0.245945	-0.0499131

0.789946	0.588008	 0 	-0.201785	-0.303953	-0.0377997

0.828803	0.588008	 0 	-0.171449	-0.332175	-0.0278272

0.862611	0.588008	 0 	-0.133712	-0.328328	-0.0215085

0.891604	0.588008	 0 	-0.0958718	-0.298539	-0.0188322

0.916161	0.588008	 0 	-0.0634529	-0.253351	-0.0188202

0.936743	0.588008	 0 	-0.0387848	-0.202702	-0.0203311

0.95384	0.588008	 0 	-0.0216951	-0.153366	-0.022501

0.967939	0.588008	 0 	-0.0108086	-0.108897	-0.0248191

0.979495	0.588008	 0 	-0.00450674	-0.0705981	-0.027032

0.988919	0.588008	 0 	-0.00136489	-0.0385061	-0.028921

0.996573	0.588008	 0 	-0.000168372	-0.0120638	-0.0300582

1.00343	0.588008	 0 	0.000560288	0.0118819	-0.0300582

-0.00342678	0.644307	 0 	0.000138351	-0.00826085	-0.0522889

0.00342678	0.644307	 0 	-4.09586e-05	0.00908213	-0.0522889

0.0110811	0.644307	 0 	-0.000335686	0.0271323	-0.0525715

0.0205051	0.644307	 0 	-0.0011113	0.0480443	-0.0530432

0.0320609	0.644307	 0 	-0.00266605	0.0717135	-0.0536021

0.0461598	0.644307	 0 	-0.00534543	0.0976869	-0.0542067

0.0632574	0.644307	 0 	-0.00954383	0.125036	-0.054831

0.083839	0.644307	 0 	-0.015632	0.152283	-0.0554379

0.108396	0.644307	 0 	-0.0238211	0.177463	-0.0559955

0.137389	0.644307	 0 	-0.0340076	0.198404	-0.0565215

0.171197	0.644307	 0 	-0.045683	0.213199	-0.0571431

0.210054	0.644307	 0 	-0.0580062	0.220658	-0.0581432

0.253981	0.644307	 0 	-0.070072	0.220421	-0.0599446

0.30272	0.644307	 0 	-0.0812829	0.212523	-0.0630059

0.355693	0.644307	 0 	-0.0916599	0.1966	-0.0676382

0.411992	0.644307	 0 	-0.101949	0.171273	-0.0737559

0.47042	0.644307	 0 	-0.113439	0.134182	-0.0805923

0.52958	0.644307	 0 	-0.127467	0.0827731	-0.0865321

0.588008	0.644307	 0 	-0.144636	0.0156042	-0.0893297

0.644307	0.644307	 0 	-0.163924	-0.0662294	-0.0868721

0.69728	0.644307	 0 	-0.182031	-0.157843	-0.0782402

0.746019	0.644307	 0 	-0.193581	-0.249781	-0.0644534

0.789946	0.644307	 0 	-0.192813	-0.328586	-0.0483281

0.828803	0.644307	 0 	-0.176656	-0.3801	-0.033375

0.862611	0.644307	 0 	-0.1473	-0.395391	-0.0223027

0.891604	0.644307	 0 	-0.111556	-0.375398	-0.0160451

0.916161	0.644307	 0 	-0.0770148	-0.329761	-0.0139045

0.936743	0.644307	 0 	-0.0485921	-0.270973	-0.0144841

0.95384	0.644307	 0 	-0.027846	-0.20929	-0.0165011

0.967939	0.644307	 0 	-0.0141458	-0.15105	-0.0190953

0.979495	0.644307	 0 	-0.0060051	-0.0992718	-0.0217858

0.988919	0.644307	 0 	-0.00185972	-0.0548657	-0.0241853

0.996573	0.644307	 0 	-0.000242841	-0.0176174	-0.0256631

1.00343	0.644307	 0 	0.00075216	0.01685	-0.0256631

-0.00342678	0.69728	 0 	0.000173284	-0.00932045	-0.0614705

0.00342678	0.69728	 0 	-5.22797e-05	0.0102417	-0.0614705

0.0110811	0.69728	 0 	-0.000422086	0.0306072	-0.0618216

0.0205051	0.69728	 0 	-0.00138643	0.0541735	-0.0624013

0.0320609	0.69728	 0 	-0.00329481	0.08075	-0.0630701

0.0461598	0.69728	 0 	-0.00651607	0.109694	-0.0637535

0.0632574	0.69728	 0 	-0.0114023	0.139763	-0.0643806

0.083839	0.69728	 0 	-0.0181513	0.169058	-0.0648511

0.108396	0.69728	 0 	-0.026607	0.195174	-0.0650664

0.137389	0.69728	 0 	-0.0361031	0.215648	-0.0650114

0.171197	0.69728	 0 	-0.0454817	0.228591	-0.0648579

0.210054	0.69728	 0 	-0.0533697	0.23321	-0.0650299

0.253981	0.69728	 0 	-0.0586392	0.229824	-0.0661564

0.30272	0.69728	 0 	-0.0608557	0.219234	-0.0689056

0.355693	0.69728	 0 	-0.0605492	0.201765	-0.0737466

0.411992	0.69728	 0 	-0.0592564	0.176547	-0.0806629

0.47042	0.69728	 0 	-0.0593234	0.141473	-0.0888377

0.52958	0.69728	 0 	-0.0634271	0.0938559	-0.0964554

0.588008	0.69728	 0 	-0.0737984	0.0315258	-0.100902

0.644307	0.69728	 0 	-0.0912359	-0.0460474	-0.0995488

0.69728	0.69728	 0 	-0.114122	-0.136706	-0.0908837

0.746019	0.69728	 0 	-0.137809	-0.234453	-0.0754106

0.789946	0.69728	 0 	-0.155102	-0.328363	-0.0557443

0.828803	0.69728	 0 	-0.158765	-0.403153	-0.0357786

0.862611	0.69728	 0 	-0.145631	-0.443807	-0.0192265

0.891604	0.69728	 0 	-0.119136	-0.443102	-0.00821607

0.916161	0.69728	 0 	-0.0872243	-0.405654	-0.00278582

0.936743	0.69728	 0 	-0.0574579	-0.344211	-0.00156851

0.95384	0.69728	 0 	-0.0339848	-0.272425	-0.00290161

0.967939	0.69728	 0 	-0.0176895	-0.200342	-0.00549878

0.979495	0.69728	 0 	-0.00767109	-0.133681	-0.00855967

0.988919	0.69728	 0 	-0.00243573	-0.0749382	-0.0114543

0.996573	0.69728	 0 	-0.000337108	-0.0246776	-0.0132884

1.00343	0.69728	 0 	0.000969196	0.0229	-0.0132884

-0.00342678	0.746019	 0 	0.000265022	-0.01065	-0.0710285

0.00342678	0.746019	 0 	-8.49005e-05	0.0117341	-0.0710285

0.0110811	0.746019	 0 	-0.000653542	0.0349843	-0.0715511

0.0205051	0.746019	 0 	-0.00210257	0.0617686	-0.0723934

0.0320609	0.746019	 0 	-0.00489959	0.0916951	-0.0733159

0.0461598	0.746019	 0 	-0.00945899	0.123754	-0.0741615

0.0632574	0.746019	 0 	-0.0160333	0.156169	-0.0747615

0.083839	0.746019	 0 	-0.0244677	0.186431	-0.0748961

0.108396	0.746019	 0 	-0.0339405	0.211657	-0.074368

0.137389	0.746019	 0 	-0.0428957	0.229286	-0.073153

0.171197	0.746019	 0 	-0.0493305	0.23785	-0.071552

0.210054	0.746019	 0 	-0.0513912	0.237401	-0.0702364

0.253981	0.746019	 0 	-0.0480023	0.229236	-0.0701152

0.30272	0.746019	 0 	-0.0392394	0.214997	-0.0720777

0.355693	0.746019	 0 	-0.0263911	0.195616	-0.076706

0.411992	0.746019	 0 	-0.0118353	0.170639	-0.083978

0.47042	0.746019	 0 	0.00119357	0.138219	-0.0929562

0.52958	0.746019	 0 	0.00901957	0.0957336	-0.101595

0.588008	0.746019	 0 	0.00820551	0.0407094	-0.106952

0.644307	0.746019	 0 	-0.00354797	-0.0283262	-0.106

0.69728	0.746019	 0 	-0.0264257	-0.111228	-0.0968097

0.746019	0.746019	 0 	-0.0575471	-0.205491	-0.0795048

0.789946	0.746019	 0 	-0.0903436	-0.304647	-0.0564447

0.828803	0.746019	 0 	-0.11543	-0.396267	-0.0315684

0.862611	0.746019	 0 	-0.12433	-0.462872	-0.00918012

0.891604	0.746019	 0 	-0.114605	-0.488906	0.00750081

0.916161	0.746019	 0 	-0.0915519	-0.469833	0.017387

0.936743	0.746019	 0 	-0.0641583	-0.414309	0.0214209

0.95384	0.746019	 0 	-0.0396367	-0.337591	0.0214719

0.967939	0.746019	 0 	-0.0212966	-0.253753	0.0192714

0.979495	0.746019	 0 	-0.00947909	-0.172236	0.0160242

0.988919	0.746019	 0 	-0.00309642	-0.0980407	0.0126887

0.996573	0.746019	 0 	-0.000454892	-0.0331327	0.0104973

1.00343	0.746019	 0 	0.00121017	0.0298028	0.0104973

-0.00342678	0.789946	 0 	0.000456745	-0.012582	-0.0815629

0.00342678	0.789946	 0 	-0.000158713	0.0140033	-0.0815629

0.0110811	0.789946	 0 	-0.00114605	0.041392	-0.0824277

0.0205051	0.789946	 0 	-0.00358184	0.0725982	-0.083774

0.0320609	0.789946	 0 	-0.00812855	0.106787	-0.0851422

0.0461598	0.789946	 0 	-0.0152115	0.142251	-0.086198

0.0632574	0.789946	 0 	-0.0247849	0.176346	-0.0865923

0.083839	0.789946	 0 	-0.035958	0.205779	-0.0859329

0.108396	0.789946	 0 	-0.0467729	0.227352	-0.0839508

0.137389	0.789946	 0 	-0.0544556	0.238937	-0.0807386

0.171197	0.789946	 0 	-0.056188	0.240192	-0.0768988

0.210054	0.789946	 0 	-0.0500433	0.232556	-0.0734791

0.253981	0.789946	 0 	-0.0355759	0.218474	-0.0717004

0.30272	0.789946	 0 	-0.0138539	0.200261	-0.0726172

0.355693	0.789946	 0 	0.0128431	0.179143	-0.076824

0.411992	0.789946	 0 	0.0413294	0.154806	-0.0841873

0.47042	0.789946	 0 	0.0677276	0.125543	-0.0935663

0.52958	0.789946	 0 	0.0877522	0.0888586	-0.102642

0.588008	0.789946	 0 	0.097236	0.042268	-0.108152

0.644307	0.789946	 0 	0.0928923	-0.0160513	-0.10673

0.69728	0.789946	 0 	0.0731641	-0.0870086	-0.0961348

0.746019	0.789946	 0 	0.0391085	-0.170539	-0.0762495

0.789946	0.789946	 0 	-0.00457147	-0.264644	-0.0492771

0.828803	0.789946	 0 	-0.048848	-0.362392	-0.0191175

0.862611	0.789946	 0 	-0.0820502	-0.448854	0.00964862

0.891604	0.789946	 0 	-0.0952665	-0.503755	0.0329796

0.916161	0.789946	 0 	-0.087983	-0.511906	0.0486431

0.936743	0.789946	 0 	-0.0678659	-0.472734	0.0567703

0.95384	0.789946	 0 	-0.0447035	-0.399046	0.0591451

0.967939	0.789946	 0 	-0.0251022	-0.307892	0.0578945

0.979495	0.789946	 0 	-0.0115558	-0.213152	0.0547096

0.988919	0.789946	 0 	-0.00390382	-0.123405	0.050992

0.996573	0.789946	 0 	-0.000610773	-0.0428496	0.048426

1.00343	0.789946	 0 	0.00149512	0.0373032	0.048426

-0.00342678	0.828803	 0 	0.000815965	-0.0155441	-0.0945599

0.00342678	0.828803	 0 	-0.000310794	0.0176847	-0.0945599

0.0110811	0.828803	 0 	-0.00208998	0.0513113	-0.0960257

0.0205051	0.828803	 0 	-0.00630496	0.0888105	-0.0982037

0.0320609	0.828803	 0 	-0.0138409	0.128447	-0.100189

0.0461598	0.828803	 0 	-0.0249114	0.167287	-0.101305

0.0632574	0.828803	 0 	-0.0386635	0.201447	-0.100927

0.083839	0.828803	 0 	-0.0527836	0.226934	-0.0985175

0.108396	0.828803	 0 	-0.0636369	0.240899	-0.0939207

0.137389	0.828803	 0 	-0.0672136	0.242675	-0.0876233

0.171197	0.828803	 0 	-0.0604895	0.233939	-0.0807504

0.210054	0.828803	 0 	-0.0424002	0.217873	-0.0747928

0.253981	0.828803	 0 	-0.0139352	0.19786	-0.0712091

0.30272	0.828803	 0 	0.0224373	0.176382	-0.0710803

0.355693	0.828803	 0 	0.063428	0.154456	-0.0748748

0.411992	0.828803	 0 	0.105278	0.131575	-0.0822449

0.47042	0.828803	 0 	0.143831	0.10603	-0.0917892

0.52958	0.828803	 0 	0.17462	0.0754763	-0.100905

0.588008	0.828803	 0 	0.193204	0.0376051	-0.106034

0.644307	0.828803	 0 	0.195814	-0.00937224	-0.103515

0.69728	0.828803	 0 	0.180103	-0.0666925	-0.0908334

0.746019	0.828803	 0 	0.145839	-0.135495	-0.0676473

0.789946	0.828803	 0 	0.0957371	-0.21689	-0.0360102

0.828803	0.828803	 0 	0.0367358	-0.30968	0.000245924

0.862611	0.828803	 0 	-0.0193831	-0.405225	0.0364253

0.891604	0.828803	 0 	-0.059088	-0.484458	0.0678859

0.916161	0.828803	 0 	-0.07433	-0.524378	0.0912202

0.936743	0.828803	 0 	-0.06768	-0.511865	0.105355

0.95384	0.828803	 0 	-0.0493475	-0.451468	0.111542

0.967939	0.828803	 0 	-0.0295912	-0.359876	0.112135

0.979495	0.828803	 0 	-0.0142729	-0.255198	0.109391

0.988919	0.828803	 0 	-0.00503021	-0.150687	0.105337

0.996573	0.828803	 0 	-0.000843696	-0.0538918	0.102326

1.00343	0.828803	 0 	0.00188121	0.0452689	0.102326

-0.00342678	0.862611	 0 	0.00145243	-0.0200353	-0.112671

0.00342678	0.862611	 0 	-0.000614905	0.0236636	-0.112671

0.0110811	0.862611	 0 	-0.00381436	0.0665318	-0.115101

0.0205051	0.862611	 0 	-0.0109988	0.112628	-0.118468

0.0320609	0.862611	 0 	-0.0230963	0.158532	-0.121008

0.0461598	0.862611	 0 	-0.039442	0.199418	-0.121464

0.0632574	0.862611	 0 	-0.057364	0.230091	-0.118935

0.083839	0.862611	 0 	-0.0722468	0.246681	-0.113015

0.108396	0.862611	 0 	-0.078665	0.248181	-0.104117

0.137389	0.862611	 0 	-0.0722885	0.2368	-0.0935026

0.171197	0.862611	 0 	-0.0513932	0.216852	-0.0829541

0.210054	0.862611	 0 	-0.0170756	0.192955	-0.0743091

0.253981	0.862611	 0 	0.0276385	0.168629	-0.0690601

0.30272	0.862611	 0 	0.0789328	0.145748	-0.0681117

0.355693	0.862611	 0 	0.132912	0.124623	-0.0716631

0.411992	0.862611	 0 	0.185746	0.104324	-0.0790815

0.47042	0.862611	 0 	0.233485	0.0830816	-0.0886955

0.52958	0.862611	 0 	0.271916	0.0587601	-0.0976534

0.588008	0.862611	 0 	0.296756	0.0293521	-0.102166

0.644307	0.862611	 0 	0.304201	-0.00668105	-0.0983444

0.69728	0.862611	 0 	0.291636	-0.0504958	-0.0834267

0.746019	0.862611	 0 	0.258184	-0.103541	-0.0567946

0.789946	0.862611	 0 	0.205101	-0.168372	-0.0202067

0.828803	0.862611	 0 	0.136697	-0.247849	0.0227634

0.862611	0.862611	 0 	0.0621978	-0.340511	0.0675319

0.891604	0.862611	 0 	-0.00390979	-0.433825	0.109112

0.916161	0.862611	 0 	-0.0470435	-0.503533	0.142926

0.936743	0.862611	 0 	-0.0613601	-0.525191	0.166202

0.95384	0.862611	 0 	-0.0532758	-0.489698	0.178901

0.967939	0.862611	 0 	-0.0354371	-0.407292	0.183107

0.979495	0.862611	 0 	-0.0183133	-0.297971	0.181608

0.988919	0.862611	 0 	-0.00683319	-0.180337	0.177336

0.996573	0.862611	 0 	-0.00124299	-0.0667597	0.173744

1.00343	0.862611	 0 	0.00248113	0.0537853	0.173744

-0.00342678	0.891604	 0 	0.00255272	-0.0266073	-0.140132

0.00342678	0.891604	 0 	-0.00123153	0.0332375	-0.140132

0.0110811	0.891604	 0 	-0.00692702	0.0891563	-0.143966

0.0205051	0.891604	 0 	-0.018766	0.145899	-0.148659

0.0320609	0.891604	 0 	-0.0369642	0.197226	-0.150894

0.0461598	0.891604	 0 	-0.0585054	0.236046	-0.148642

0.0632574	0.891604	 0 	-0.0774651	0.256877	-0.141149

0.083839	0.891604	 0 	-0.0866237	0.258167	-0.128933

0.108396	0.891604	 0 	-0.0801391	0.242978	-0.113658

0.137389	0.891604	 0 	-0.0557413	0.217408	-0.0976219

0.171197	0.891604	 0 	-0.0150183	0.187895	-0.0831319

0.210054	0.891604	 0 	0.0379847	0.159162	-0.0720536

0.253981	0.891604	 0 	0.0985092	0.133651	-0.065587

0.30272	0.891604	 0 	0.162192	0.111949	-0.0642322

0.355693	0.891604	 0 	0.225356	0.0934381	-0.0678138

0.411992	0.891604	 0 	0.284753	0.0767755	-0.0754024

0.47042	0.891604	 0 	0.337111	0.0602166	-0.0851003

0.52958	0.891604	 0 	0.378842	0.0419211	-0.0938814

0.588008	0.891604	 0 	0.406145	0.020271	-0.0978135

0.644307	0.891604	 0 	0.41553	-0.00592562	-0.0928655

0.69728	0.891604	 0 	0.404515	-0.0375724	-0.0760844

0.746019	0.891604	 0 	0.372072	-0.0759558	-0.0465458

0.789946	0.891604	 0 	0.318637	-0.12382	-0.00554996

0.828803	0.891604	 0 	0.246271	-0.185783	0.0439024

0.862611	0.891604	 0 	0.160325	-0.265746	0.0977717

0.891604	0.891604	 0 	0.0723021	-0.359931	0.151253

0.916161	0.891604	 0 	-0.000660059	-0.450178	0.198967

0.936743	0.891604	 0 	-0.0437027	-0.50738	0.236075

0.95384	0.891604	 0 	-0.0542014	-0.507556	0.26011

0.967939	0.891604	 0 	-0.0428429	-0.446936	0.271666

0.979495	0.891604	 0 	-0.0246391	-0.34137	0.273475

0.988919	0.891604	 0 	-0.00997531	-0.213668	0.269578

0.996573	0.891604	 0 	-0.00200443	-0.0826481	0.265288

1.00343	0.891604	 0 	0.00348302	0.0631513	0.265288

-0.00342678	0.916161	 0 	0.00441809	-0.0358233	-0.183681

0.00342678	0.916161	 0 	-0.00252595	0.0484939	-0.183681

0.0110811	0.916161	 0 	-0.0125541	0.121611	-0.189171

0.0205051	0.916161	 0 	-0.0310726	0.189239	-0.19426

0.0320609	0.916161	 0 	-0.0555961	0.241333	-0.193164

0.0461598	0.916161	 0 	-0.078414	0.269757	-0.183571

0.0632574	0.916161	 0 	-0.0896454	0.272051	-0.166342

0.083839	0.916161	 0 	-0.0815288	0.252536	-0.144232

0.108396	0.916161	 0 	-0.0515279	0.219977	-0.120659

0.137389	0.916161	 0 	-0.00243154	0.183452	-0.0987453

0.171197	0.916161	 0 	0.0599869	0.149296	-0.0807666

0.210054	0.916161	 0 	0.129598	0.120445	-0.0680433

0.253981	0.916161	 0 	0.201395	0.0973594	-0.0610948

0.30272	0.916161	 0 	0.271773	0.079209	-0.0598565

0.355693	0.916161	 0 	0.338154	0.064653	-0.0637735

0.411992	0.916161	 0 	0.398378	0.0521781	-0.0716842

0.47042	0.916161	 0 	0.450127	0.0402354	-0.0815509

0.52958	0.916161	 0 	0.49061	0.0273698	-0.0902611

0.588008	0.916161	 0 	0.516675	0.0123854	-0.093826

0.644307	0.916161	 0 	0.525347	-0.00555309	-0.0881546

0.69728	0.916161	 0 	0.514515	-0.0270652	-0.0701727

0.746019	0.916161	 0 	0.483296	-0.0531087	-0.0386877

0.789946	0.916161	 0 	0.431787	-0.0859568	0.00550363

0.828803	0.916161	 0 	0.360546	-0.130151	0.0601865

0.862611	0.916161	 0 	0.271254	-0.191913	0.122343

0.891604	0.916161	 0 	0.16999	-0.274664	0.188166

0.916161	0.916161	 0 	0.0709793	-0.370673	0.252519

0.936743	0.916161	 0 	-0.00576018	-0.455791	0.309024

0.95384	0.916161	 0 	-0.0455772	-0.497194	0.351867

0.967939	0.916161	 0 	-0.0498272	-0.472625	0.378073

0.979495	0.916161	 0 	-0.0340236	-0.383949	0.388351

0.988919	0.916161	 0 	-0.015546	-0.252455	0.387165

0.996573	0.916161	 0 	-0.00354357	-0.103757	0.382555

1.00343	0.916161	 0 	0.00513233	0.0737154	0.382555

-0.00342678	0.936743	 0 	0.00736809	-0.0480022	-0.254518

0.00342678	0.936743	 0 	-0.00527018	0.0728885	-0.254518

0.0110811	0.936743	 0 	-0.0224435	0.166127	-0.260606

0.0205051	0.936743	 0 	-0.0487379	0.239978	-0.261635

0.0320609	0.936743	 0 	-0.0752444	0.281833	-0.249376

0.0461598	0.936743	 0 	-0.0879735	0.287693	-0.223928

0.0632574	0.936743	 0 	-0.0761646	0.263975	-0.190545

0.083839	0.936743	 0 	-0.0373879	0.223491	-0.15522

0.108396	0.936743	 0 	0.023221	0.179046	-0.122678

0.137389	0.936743	 0 	0.0971288	0.139029	-0.0957848

0.171197	0.936743	 0 	0.176328	0.10681	-0.0757174

0.210054	0.936743	 0 	0.255143	0.0824216	-0.062583

0.253981	0.936743	 0 	0.330221	0.0644405	-0.0559941

0.30272	0.936743	 0 	0.399775	0.051146	-0.0553573

0.355693	0.936743	 0 	0.462764	0.0409657	-0.0598578

0.411992	0.936743	 0 	0.518219	0.0325347	-0.0682205

0.47042	0.936743	 0 	0.56475	0.0246512	-0.0783631

0.52958	0.936743	 0 	0.600327	0.0162818	-0.0871631

0.588008	0.936743	 0 	0.622454	0.00662699	-0.0906378

0.644307	0.936743	 0 	0.628729	-0.00484106	-0.0846943

0.69728	0.936743	 0 	0.617496	-0.0185007	-0.0662001

0.746019	0.936743	 0 	0.588139	-0.0349816	-0.0337761

0.789946	0.936743	 0 	0.540685	-0.0558914	0.0121897

0.828803	0.936743	 0 	0.474901	-0.084755	0.0702296

0.862611	0.936743	 0 	0.389945	-0.127528	0.138542

0.891604	0.936743	 0 	0.286448	-0.191008	0.215041

0.916161	0.936743	 0 	0.171651	-0.277047	0.296353

0.936743	0.936743	 0 	0.0633986	-0.373646	0.376526

0.95384	0.936743	 0 	-0.014882	-0.451171	0.447206

0.967939	0.936743	 0 	-0.0489651	-0.473533	0.500097

0.979495	0.936743	 0 	-0.0451626	-0.419911	0.53018

0.988919	0.936743	 0 	-0.0247614	-0.297454	0.53894

0.996573	0.936743	 0 	-0.00663237	-0.133496	0.536495

1.00343	0.936743	 0 	0.00747523	0.0853703	0.536495

-0.00342678	0.95384	 0 	0.0109762	-0.0622231	-0.37122

0.00342678	0.95384	 0 	-0.0106832	0.111288	-0.37122

0.0110811	0.95384	 0 	-0.0377271	0.222098	-0.37207

0.0205051	0.95384	 0 	-0.0677929	0.287923	-0.355587

0.0320609	0.95384	 0 	-0.0819221	0.301918	-0.316107

0.0461598	0.95384	 0 	-0.0642509	0.274592	-0.262687

0.0632574	0.95384	 0 	-0.0127058	0.225534	-0.20724

0.083839	0.95384	 0 	0.0634061	0.172826	-0.157804

0.108396	0.95384	 0 	0.151384	0.12727	-0.118123

0.137389	0.95384	 0 	0.240861	0.0924043	-0.0887429

0.171197	0.95384	 0 	0.325669	0.0674628	-0.0686023

0.210054	0.95384	 0 	0.403129	0.0501579	-0.0563243

0.253981	0.95384	 0 	0.472593	0.0381866	-0.0507696

0.30272	0.95384	 0 	0.534253	0.0297328	-0.0510495

0.355693	0.95384	 0 	0.588393	0.023465	-0.0562711

0.411992	0.95384	 0 	0.634946	0.0183817	-0.0651623

0.47042	0.95384	 0 	0.673198	0.0136816	-0.0756706

0.52958	0.95384	 0 	0.701715	0.00871748	-0.0847131

0.588008	0.95384	 0 	0.71858	0.00301264	-0.0883481

0.644307	0.95384	 0 	0.721933	-0.00373	-0.0825099

0.69728	0.95384	 0 	0.71056	-0.0117161	-0.0640507

0.746019	0.95384	 0 	0.684103	-0.0213168	-0.0314899

0.789946	0.95384	 0 	0.642627	-0.0335341	0.0150345

0.828803	0.95384	 0 	0.585604	-0.0506814	0.0745607

0.862611	0.95384	 0 	0.510984	-0.0771385	0.146275

0.891604	0.95384	 0 	0.41575	-0.119504	0.229937

0.916161	0.95384	 0 	0.299647	-0.184505	0.325112

0.936743	0.95384	 0 	0.171844	-0.272544	0.429097

0.95384	0.95384	 0 	0.0547818	-0.368053	0.534622

0.967939	0.95384	 0 	-0.0237702	-0.436033	0.629582

0.979495	0.95384	 0 	-0.0499862	-0.435528	0.700006

0.988919	0.95384	 0 	-0.0367968	-0.344593	0.736766

0.996573	0.95384	 0 	-0.0121772	-0.175667	0.745221

1.00343	0.95384	 0 	0.00926311	0.0963004	0.745221

-0.00342678	0.967939	 0 	0.0111904	-0.0740084	-0.560652

0.00342678	0.967939	 0 	-0.0191796	0.167206	-0.560652

0.0110811	0.967939	 0 	-0.0531917	0.279095	-0.537471

0.0205051	0.967939	 0 	-0.0696721	0.310624	-0.472425

0.0320609	0.967939	 0 	-0.0441541	0.280746	-0.380639

0.0461598	0.967939	 0 	0.0250757	0.222429	-0.287905

0.0632574	0.967939	 0 	0.121376	0.161802	-0.209447

0.083839	0.967939	 0 	0.225838	0.112052	-0.149754

0.108396	0.967939	 0 	0.325615	0.0762067	-0.107444

0.137389	0.967939	 0 	0.414711	0.0521611	-0.0788589

0.171197	0.967939	 0 	0.491848	0.0365299	-0.0605079

0.210054	0.967939	 0 	0.558016	0.0263993	-0.049973

0.253981	0.967939	 0 	0.614838	0.0197154	-0.0458122

0.30272	0.967939	 0 	0.663778	0.0151438	-0.047129

0.355693	0.967939	 0 	0.705823	0.0118213	-0.0531046

0.411992	0.967939	 0 	0.741343	0.00915183	-0.0625477

0.47042	0.967939	 0 	0.770005	0.00668543	-0.0734777

0.52958	0.967939	 0 	0.790799	0.00407336	-0.0828746

0.588008	0.967939	 0 	0.802293	0.00106903	-0.0868506

0.644307	0.967939	 0 	0.803114	-0.00247264	-0.0813765

0.69728	0.967939	 0 	0.792425	-0.00664896	-0.063312

0.746019	0.967939	 0 	0.770066	-0.0116543	-0.0311383

0.789946	0.967939	 0 	0.736141	-0.0180373	0.0151087

0.828803	0.967939	 0 	0.690102	-0.0271002	0.0746851

0.862611	0.967939	 0 	0.629684	-0.0414679	0.147284

0.891604	0.967939	 0 	0.550465	-0.065728	0.233924

0.916161	0.967939	 0 	0.44733	-0.106596	0.337045

0.936743	0.967939	 0 	0.31939	-0.170934	0.459119

0.95384	0.967939	 0 	0.17792	-0.25882	0.599245

0.967939	0.967939	 0 	0.0509754	-0.352164	0.748767

0.979495	0.967939	 0 	-0.0269325	-0.409228	0.888306

0.988919	0.967939	 0 	-0.0423516	-0.378221	0.989293

0.996573	0.967939	 0 	-0.0193254	-0.230437	1.03169

1.00343	0.967939	 0 	0.00471338	0.100585	1.03169

-0.00342678	0.979495	 0 	-0.00863021	-0.072599	-0.84941

0.00342678	0.979495	 0 	-0.0238127	0.232447	-0.84941

0.0110811	0.979495	 0 	-0.0417293	0.306376	-0.755275

0.0205051	0.979495	 0 	-0.00803406	0.278205	-0.588174

0.0320609	0.979495	 0 	0.0843095	0.209984	-0.419427

0.0461598	0.979495	 0 	0.206058	0.142649	-0.286875

0.0632574	0.979495	 0 	0.328258	0.091379	-0.193918

0.083839	0.979495	 0 	0.436145	0.0572755	-0.132411

0.108396	0.979495	 0 	0.525729	0.0362155	-0.0929144

0.137389	0.979495	 0 	0.598401	0.0235892	-0.0678663

0.171197	0.979495	 0 	0.657373	0.016001	-0.0524429

0.210054	0.979495	 0 	0.705829	0.0113344	-0.0440307

0.253981	0.979495	 0 	0.746272	0.00835746	-0.0413409

0.30272	0.979495	 0 	0.780436	0.00636215	-0.0436739

0.355693	0.979495	 0 	0.80937	0.00492569	-0.0503686

0.411992	0.979495	 0 	0.8335	0.00377062	-0.0603491

0.47042	0.979495	 0 	0.852655	0.00269397	-0.0717216

0.52958	0.979495	 0 	0.866134	0.0015425	-0.0815354

0.588008	0.979495	 0 	0.872931	0.000211766	-0.0859567

0.644307	0.979495	 0 	0.872105	-0.00135576	-0.080992

0.69728	0.979495	 0 	0.863124	-0.00319767	-0.0635166

0.746019	0.979495	 0 	0.845948	-0.00540034	-0.0320129

0.789946	0.979495	 0 	0.820685	-0.00821778	0.0134843

0.828803	0.979495	 0 	0.786883	-0.0122604	0.072226

0.862611	0.979495	 0 	0.742632	-0.0188016	0.14395

0.891604	0.979495	 0 	0.6838	-0.030269	0.230057

0.916161	0.979495	 0 	0.603935	-0.0509516	0.33455

0.936743	0.979495	 0 	0.495954	-0.0875586	0.4644

0.95384	0.979495	 0 	0.357402	-0.147765	0.628115

0.967939	0.979495	 0 	0.200583	-0.232865	0.830856

0.979495	0.979495	 0 	0.0622139	-0.323289	1.06426

0.988919	0.979495	 0 	-0.0118255	-0.365745	1.2852

0.996573	0.979495	 0 	-0.0181871	-0.283071	1.41148

1.00343	0.979495	 0 	-0.025333	0.0858052	1.41148

-0.00342678	0.988919	 0 	-0.106118	-0.0460349	-1.23137

0.00342678	0.988919	 0 	0.0189496	0.259872	-1.23137

0.0110811	0.988919	 0 	0.0738165	0.253619	-0.978441

0.0205051	0.988919	 0 	0.190057	0.181409	-0.658101

0.0320609	0.988919	 0 	0.339076	0.11268	-0.413942

0.0461598	0.988919	 0 	0.476126	0.0649227	-0.259337

0.0632574	0.988919	 0 	0.584805	0.0362802	-0.166584

0.083839	0.988919	 0 	0.666459	0.0204813	-0.11143

0.108396	0.988919	 0 	0.72728	0.0120477	-0.0782082

0.137389	0.988919	 0 	0.773253	0.00750117	-0.057786

0.171197	0.988919	 0 	0.808942	0.00495722	-0.0454465

0.210054	0.988919	 0 	0.837478	0.00346075	-0.0390309

0.253981	0.988919	 0 	0.860895	0.00253014	-0.0376424

0.30272	0.988919	 0 	0.880455	0.00191388	-0.040848

0.355693	0.988919	 0 	0.896872	0.00147033	-0.0481575

0.411992	0.988919	 0 	0.910423	0.00110921	-0.0586082

0.47042	0.988919	 0 	0.920996	0.00076532	-0.070388

0.52958	0.988919	 0 	0.928149	0.000390323	-0.0806091

0.588008	0.988919	 0 	0.931268	-4.72942e-05	-0.0854836

0.644307	0.988919	 0 	0.929797	-0.000563149	-0.0810469

0.69728	0.988919	 0 	0.923451	-0.00116725	-0.0641907

0.746019	0.988919	 0 	0.912242	-0.00188873	-0.0334151

0.789946	0.988919	 0 	0.896246	-0.0028172	0.0111963

0.828803	0.988919	 0 	0.875145	-0.00416899	0.0687754

0.862611	0.988919	 0 	0.847636	-0.00640513	0.13884

0.891604	0.988919	 0 	0.810779	-0.010459	0.222527

0.916161	0.988919	 0 	0.759375	-0.0181942	0.32394

0.936743	0.988919	 0 	0.685564	-0.0332461	0.451898

0.95384	0.988919	 0 	0.579543	-0.0620064	0.621877

0.967939	0.988919	 0 	0.434519	-0.112805	0.856348

0.979495	0.988919	 0 	0.263506	-0.18893	1.17733

0.988919	0.988919	 0 	0.11858	-0.270457	1.56404

0.996573	0.988919	 0 	0.0362782	-0.281897	1.85941

1.00343	0.988919	 0 	-0.138073	0.0426573	1.85941

-0.00342678	0.996573	 0 	-0.463621	-0.0188954	-1.57981

0.00342678	0.996573	 0 	0.300073	0.138982	-1.57981

0.0110811	0.996573	 0 	0.429784	0.105645	-1.10526

0.0205051	0.996573	 0 	0.577815	0.0598998	-0.662965

0.0320609	0.996573	 0 	0.707795	0.0302041	-0.384964

0.0461598	0.996573	 0 	0.796504	0.0142705	-0.229717

0.0632574	0.996573	 0 	0.852192	0.00661178	-0.144565

0.083839	0.996573	 0 	0.887433	0.00318025	-0.096764

0.108396	0.996573	 0 	0.910809	0.0016614	-0.0687174

0.137389	0.996573	 0 	0.927256	0.000959603	-0.0515645

0.171197	0.996573	 0 	0.939511	0.000608681	-0.0412299

0.210054	0.996573	 0 	0.949097	0.000416438	-0.0360541

0.253981	0.996573	 0 	0.95687	0.000301271	-0.0354544

0.30272	0.996573	 0 	0.963312	0.000225758	-0.0391839

0.355693	0.996573	 0 	0.968671	0.000170427	-0.0468636

0.411992	0.996573	 0 	0.973025	0.000123132	-0.0576025

0.47042	0.996573	 0 	0.9763	7.50579e-05	-0.0696395

0.52958	0.996573	 0 	0.978304	1.98225e-05	-0.0801253

0.588008	0.996573	 0 	0.978792	-4.62769e-05	-0.0852994

0.644307	0.996573	 0 	0.977559	-0.000124472	-0.081214

0.69728	0.996573	 0 	0.974514	-0.000215547	-0.0647706

0.746019	0.996573	 0 	0.969679	-0.00032436	-0.0344853

0.789946	0.996573	 0 	0.963076	-0.000466974	0.00951369

0.828803	0.996573	 0 	0.954534	-0.000682153	0.06625

0.862611	0.996573	 0 	0.943433	-0.00105454	0.135023

0.891604	0.996573	 0 	0.928369	-0.00176821	0.216603

0.916161	0.996573	 0 	0.906637	-0.00323932	0.314629

0.936743	0.996573	 0 	0.87333	-0.00643208	0.437823

0.95384	0.996573	 0 	0.819909	-0.0134922	0.603699

0.967939	0.996573	 0 	0.733197	-0.0285176	0.843542

0.979495	0.996573	 0 	0.601936	-0.0574645	1.20379

0.988919	0.996573	 0 	0.448135	-0.104115	1.7146

0.996573	0.996573	 0 	0.309276	-0.140902	2.22864

1.00343	0.996573	 0 	-0.486436	0.0136485	2.22864

-0.00342678	1.00343	 0 	2.46362	0.0188954	-1.57981

0.00342678	1.00343	 0 	1.53638	-0.0188954	-1.57981

0.0110811	1.00343	 0 	1.30179	-0.0619373	-1.10526

0.0205051	1.00343	 0 	1.25052	-0.0582237	-0.662965

0.0320609	1.00343	 0 	1.20777	-0.0401911	-0.384964

0.0461598	1.00343	 0 	1.16497	-0.0244786	-0.229717

0.0632574	1.00343	 0 	1.13016	-0.0142007	-0.144565

0.083839	1.00343	 0 	1.10417	-0.00823484	-0.096764

0.108396	1.00343	 0 	1.08497	-0.00493231	-0.0687174

0.137389	1.00343	 0 	1.07056	-0.00310379	-0.0515645

0.171197	1.00343	 0 	1.05942	-0.00206188	-0.0412299

0.210054	1.00343	 0 	1.05055	-0.00144236	-0.0360541

0.253981	1.00343	 0 	1.0433	-0.00105534	-0.0354544

0.30272	1.00343	 0 	1.03725	-0.00079928	-0.0391839

0.355693	1.00343	 0 	1.03217	-0.000616349	-0.0468636

0.411992	1.00343	 0 	1.02797	-0.000469743	-0.0576025

0.47042	1.00343	 0 	1.02466	-0.000333046	-0.0696395

0.52958	1.00343	 0 	1.02236	-0.000186584	-0.0801253

0.588008	1.00343	 0 	1.02125	-1.71938e-05	-0.0852994

0.644307	1.00343	 0 	1.0215	0.00018206	-0.081214

0.69728	1.00343	 0 	1.02319	0.000415409	-0.0647706

0.746019	1.00343	 0 	1.02631	0.000693196	-0.0344853

0.789946	1.00343	 0 	1.03084	0.00104686	0.00951369

0.828803	1.00343	 0 	1.03683	0.0015525	0.06625

0.862611	1.00343	 0 	1.0446	0.00237	0.135023

0.891604	1.00343	 0 	1.05486	0.00381003	0.216603

0.916161	1.00343	 0 	1.06886	0.00644818	0.314629

0.936743	1.00343	 0 	1.08831	0.0112829	0.437823

0.95384	1.00343	 0 	1.11506	0.019757	0.603699

0.967939	1.00343	 0 	1.14985	0.0329312	0.843542

0.979495	1.00343	 0 	1.19047	0.0483442	1.20379

0.988919	1.00343	 0 	1.25182	0.0522274	1.7146

0.996573	1.00343	 0 	1.51356	0.0136485	2.22864

1.00343	1.00343	 0 	2.48644	-0.0136485	2.22864

