Title = "F2d" 

VARIABLES = "x" "y" "z" "u" "v" "p" 

ZONE I=66 J=34 K=1, F=POINT 

-0.00162282	-0.00342678	 0 	0	0	0

0.00162282	-0.00342678	 0 	0	0	0

0.0050496	-0.00342678	 0 	0	0	0

0.0088573	-0.00342678	 0 	0	0	0

0.0130848	-0.00342678	 0 	0	0	0

0.0177742	-0.00342678	 0 	0	0	0

0.0229708	-0.00342678	 0 	0	0	0

0.0287228	-0.00342678	 0 	0	0	0

0.0350821	-0.00342678	 0 	0	0	0

0.0421029	-0.00342678	 0 	0	0	0

0.0498427	-0.00342678	 0 	0	0	0

0.0583608	-0.00342678	 0 	0	0	0

0.0677186	-0.00342678	 0 	0	0	0

0.0779783	-0.00342678	 0 	0	0	0

0.089202	-0.00342678	 0 	0	0	0

0.101451	-0.00342678	 0 	0	0	0

0.114785	-0.00342678	 0 	0	0	0

0.129257	-0.00342678	 0 	0	0	0

0.144917	-0.00342678	 0 	0	0	0

0.161805	-0.00342678	 0 	0	0	0

0.179953	-0.00342678	 0 	0	0	0

0.19938	-0.00342678	 0 	0	0	0

0.220089	-0.00342678	 0 	0	0	0

0.242067	-0.00342678	 0 	0	0	0

0.265285	-0.00342678	 0 	0	0	0

0.289691	-0.00342678	 0 	0	0	0

0.315212	-0.00342678	 0 	0	0	0

0.341756	-0.00342678	 0 	0	0	0

0.369208	-0.00342678	 0 	0	0	0

0.397433	-0.00342678	 0 	0	0	0

0.42628	-0.00342678	 0 	0	0	0

0.455583	-0.00342678	 0 	0	0	0

0.485163	-0.00342678	 0 	0	0	0

0.514837	-0.00342678	 0 	0	0	0

0.544417	-0.00342678	 0 	0	0	0

0.57372	-0.00342678	 0 	0	0	0

0.602567	-0.00342678	 0 	0	0	0

0.630792	-0.00342678	 0 	0	0	0

0.658244	-0.00342678	 0 	0	0	0

0.684788	-0.00342678	 0 	0	0	0

0.710309	-0.00342678	 0 	0	0	0

0.734715	-0.00342678	 0 	0	0	0

0.757933	-0.00342678	 0 	0	0	0

0.779911	-0.00342678	 0 	0	0	0

0.80062	-0.00342678	 0 	0	0	0

0.820047	-0.00342678	 0 	0	0	0

0.838195	-0.00342678	 0 	0	0	0

0.855083	-0.00342678	 0 	0	0	0

0.870743	-0.00342678	 0 	0	0	0

0.885215	-0.00342678	 0 	0	0	0

0.898549	-0.00342678	 0 	0	0	0

0.910798	-0.00342678	 0 	0	0	0

0.922022	-0.00342678	 0 	0	0	0

0.932281	-0.00342678	 0 	0	0	0

0.941639	-0.00342678	 0 	0	0	0

0.950157	-0.00342678	 0 	0	0	0

0.957897	-0.00342678	 0 	0	0	0

0.964918	-0.00342678	 0 	0	0	0

0.971277	-0.00342678	 0 	0	0	0

0.977029	-0.00342678	 0 	0	0	0

0.982226	-0.00342678	 0 	0	0	0

0.986915	-0.00342678	 0 	0	0	0

0.991143	-0.00342678	 0 	0	0	0

0.99495	-0.00342678	 0 	0	0	0

0.998377	-0.00342678	 0 	0	0	0

1.00162	-0.00342678	 0 	0	0	0

-0.00162282	0.00342678	 0 	0	0	0

0.00162282	0.00342678	 0 	0	0	0

0.0050496	0.00342678	 0 	0	0	0

0.0088573	0.00342678	 0 	0	0	0

0.0130848	0.00342678	 0 	0	0	0

0.0177742	0.00342678	 0 	0	0	0

0.0229708	0.00342678	 0 	0	0	0

0.0287228	0.00342678	 0 	0	0	0

0.0350821	0.00342678	 0 	0	0	0

0.0421029	0.00342678	 0 	0	0	0

0.0498427	0.00342678	 0 	0	0	0

0.0583608	0.00342678	 0 	0	0	0

0.0677186	0.00342678	 0 	0	0	0

0.0779783	0.00342678	 0 	0	0	0

0.089202	0.00342678	 0 	0	0	0

0.101451	0.00342678	 0 	0	0	0

0.114785	0.00342678	 0 	0	0	0

0.129257	0.00342678	 0 	0	0	0

0.144917	0.00342678	 0 	0	0	0

0.161805	0.00342678	 0 	0	0	0

0.179953	0.00342678	 0 	0	0	0

0.19938	0.00342678	 0 	0	0	0

0.220089	0.00342678	 0 	0	0	0

0.242067	0.00342678	 0 	0	0	0

0.265285	0.00342678	 0 	0	0	0

0.289691	0.00342678	 0 	0	0	0

0.315212	0.00342678	 0 	0	0	0

0.341756	0.00342678	 0 	0	0	0

0.369208	0.00342678	 0 	0	0	0

0.397433	0.00342678	 0 	0	0	0

0.42628	0.00342678	 0 	0	0	0

0.455583	0.00342678	 0 	0	0	0

0.485163	0.00342678	 0 	0	0	0

0.514837	0.00342678	 0 	0	0	0

0.544417	0.00342678	 0 	0	0	0

0.57372	0.00342678	 0 	0	0	0

0.602567	0.00342678	 0 	0	0	0

0.630792	0.00342678	 0 	0	0	0

0.658244	0.00342678	 0 	0	0	0

0.684788	0.00342678	 0 	0	0	0

0.710309	0.00342678	 0 	0	0	0

0.734715	0.00342678	 0 	0	0	0

0.757933	0.00342678	 0 	0	0	0

0.779911	0.00342678	 0 	0	0	0

0.80062	0.00342678	 0 	0	0	0

0.820047	0.00342678	 0 	0	0	0

0.838195	0.00342678	 0 	0	0	0

0.855083	0.00342678	 0 	0	0	0

0.870743	0.00342678	 0 	0	0	0

0.885215	0.00342678	 0 	0	0	0

0.898549	0.00342678	 0 	0	0	0

0.910798	0.00342678	 0 	0	0	0

0.922022	0.00342678	 0 	0	0	0

0.932281	0.00342678	 0 	0	0	0

0.941639	0.00342678	 0 	0	0	0

0.950157	0.00342678	 0 	0	0	0

0.957897	0.00342678	 0 	0	0	0

0.964918	0.00342678	 0 	0	0	0

0.971277	0.00342678	 0 	0	0	0

0.977029	0.00342678	 0 	0	0	0

0.982226	0.00342678	 0 	0	0	0

0.986915	0.00342678	 0 	0	0	0

0.991143	0.00342678	 0 	0	0	0

0.99495	0.00342678	 0 	0	0	0

0.998377	0.00342678	 0 	0	0	0

1.00162	0.00342678	 0 	0	0	0

-0.00162282	0.0110811	 0 	0	0	0

0.00162282	0.0110811	 0 	0	0	0

0.0050496	0.0110811	 0 	0	0	0

0.0088573	0.0110811	 0 	0	0	0

0.0130848	0.0110811	 0 	0	0	0

0.0177742	0.0110811	 0 	0	0	0

0.0229708	0.0110811	 0 	0	0	0

0.0287228	0.0110811	 0 	0	0	0

0.0350821	0.0110811	 0 	0	0	0

0.0421029	0.0110811	 0 	0	0	0

0.0498427	0.0110811	 0 	0	0	0

0.0583608	0.0110811	 0 	0	0	0

0.0677186	0.0110811	 0 	0	0	0

0.0779783	0.0110811	 0 	0	0	0

0.089202	0.0110811	 0 	0	0	0

0.101451	0.0110811	 0 	0	0	0

0.114785	0.0110811	 0 	0	0	0

0.129257	0.0110811	 0 	0	0	0

0.144917	0.0110811	 0 	0	0	0

0.161805	0.0110811	 0 	0	0	0

0.179953	0.0110811	 0 	0	0	0

0.19938	0.0110811	 0 	0	0	0

0.220089	0.0110811	 0 	0	0	0

0.242067	0.0110811	 0 	0	0	0

0.265285	0.0110811	 0 	0	0	0

0.289691	0.0110811	 0 	0	0	0

0.315212	0.0110811	 0 	0	0	0

0.341756	0.0110811	 0 	0	0	0

0.369208	0.0110811	 0 	0	0	0

0.397433	0.0110811	 0 	0	0	0

0.42628	0.0110811	 0 	0	0	0

0.455583	0.0110811	 0 	0	0	0

0.485163	0.0110811	 0 	0	0	0

0.514837	0.0110811	 0 	0	0	0

0.544417	0.0110811	 0 	0	0	0

0.57372	0.0110811	 0 	0	0	0

0.602567	0.0110811	 0 	0	0	0

0.630792	0.0110811	 0 	0	0	0

0.658244	0.0110811	 0 	0	0	0

0.684788	0.0110811	 0 	0	0	0

0.710309	0.0110811	 0 	0	0	0

0.734715	0.0110811	 0 	0	0	0

0.757933	0.0110811	 0 	0	0	0

0.779911	0.0110811	 0 	0	0	0

0.80062	0.0110811	 0 	0	0	0

0.820047	0.0110811	 0 	0	0	0

0.838195	0.0110811	 0 	0	0	0

0.855083	0.0110811	 0 	0	0	0

0.870743	0.0110811	 0 	0	0	0

0.885215	0.0110811	 0 	0	0	0

0.898549	0.0110811	 0 	0	0	0

0.910798	0.0110811	 0 	0	0	0

0.922022	0.0110811	 0 	0	0	0

0.932281	0.0110811	 0 	0	0	0

0.941639	0.0110811	 0 	0	0	0

0.950157	0.0110811	 0 	0	0	0

0.957897	0.0110811	 0 	0	0	0

0.964918	0.0110811	 0 	0	0	0

0.971277	0.0110811	 0 	0	0	0

0.977029	0.0110811	 0 	0	0	0

0.982226	0.0110811	 0 	0	0	0

0.986915	0.0110811	 0 	0	0	0

0.991143	0.0110811	 0 	0	0	0

0.99495	0.0110811	 0 	0	0	0

0.998377	0.0110811	 0 	0	0	0

1.00162	0.0110811	 0 	0	0	0

-0.00162282	0.0205051	 0 	0	0	0

0.00162282	0.0205051	 0 	0	0	0

0.0050496	0.0205051	 0 	0	0	0

0.0088573	0.0205051	 0 	0	0	0

0.0130848	0.0205051	 0 	0	0	0

0.0177742	0.0205051	 0 	0	0	0

0.0229708	0.0205051	 0 	0	0	0

0.0287228	0.0205051	 0 	0	0	0

0.0350821	0.0205051	 0 	0	0	0

0.0421029	0.0205051	 0 	0	0	0

0.0498427	0.0205051	 0 	0	0	0

0.0583608	0.0205051	 0 	0	0	0

0.0677186	0.0205051	 0 	0	0	0

0.0779783	0.0205051	 0 	0	0	0

0.089202	0.0205051	 0 	0	0	0

0.101451	0.0205051	 0 	0	0	0

0.114785	0.0205051	 0 	0	0	0

0.129257	0.0205051	 0 	0	0	0

0.144917	0.0205051	 0 	0	0	0

0.161805	0.0205051	 0 	0	0	0

0.179953	0.0205051	 0 	0	0	0

0.19938	0.0205051	 0 	0	0	0

0.220089	0.0205051	 0 	0	0	0

0.242067	0.0205051	 0 	0	0	0

0.265285	0.0205051	 0 	0	0	0

0.289691	0.0205051	 0 	0	0	0

0.315212	0.0205051	 0 	0	0	0

0.341756	0.0205051	 0 	0	0	0

0.369208	0.0205051	 0 	0	0	0

0.397433	0.0205051	 0 	0	0	0

0.42628	0.0205051	 0 	0	0	0

0.455583	0.0205051	 0 	0	0	0

0.485163	0.0205051	 0 	0	0	0

0.514837	0.0205051	 0 	0	0	0

0.544417	0.0205051	 0 	0	0	0

0.57372	0.0205051	 0 	0	0	0

0.602567	0.0205051	 0 	0	0	0

0.630792	0.0205051	 0 	0	0	0

0.658244	0.0205051	 0 	0	0	0

0.684788	0.0205051	 0 	0	0	0

0.710309	0.0205051	 0 	0	0	0

0.734715	0.0205051	 0 	0	0	0

0.757933	0.0205051	 0 	0	0	0

0.779911	0.0205051	 0 	0	0	0

0.80062	0.0205051	 0 	0	0	0

0.820047	0.0205051	 0 	0	0	0

0.838195	0.0205051	 0 	0	0	0

0.855083	0.0205051	 0 	0	0	0

0.870743	0.0205051	 0 	0	0	0

0.885215	0.0205051	 0 	0	0	0

0.898549	0.0205051	 0 	0	0	0

0.910798	0.0205051	 0 	0	0	0

0.922022	0.0205051	 0 	0	0	0

0.932281	0.0205051	 0 	0	0	0

0.941639	0.0205051	 0 	0	0	0

0.950157	0.0205051	 0 	0	0	0

0.957897	0.0205051	 0 	0	0	0

0.964918	0.0205051	 0 	0	0	0

0.971277	0.0205051	 0 	0	0	0

0.977029	0.0205051	 0 	0	0	0

0.982226	0.0205051	 0 	0	0	0

0.986915	0.0205051	 0 	0	0	0

0.991143	0.0205051	 0 	0	0	0

0.99495	0.0205051	 0 	0	0	0

0.998377	0.0205051	 0 	0	0	0

1.00162	0.0205051	 0 	0	0	0

-0.00162282	0.0320609	 0 	0	0	0

0.00162282	0.0320609	 0 	0	0	0

0.0050496	0.0320609	 0 	0	0	0

0.0088573	0.0320609	 0 	0	0	0

0.0130848	0.0320609	 0 	0	0	0

0.0177742	0.0320609	 0 	0	0	0

0.0229708	0.0320609	 0 	0	0	0

0.0287228	0.0320609	 0 	0	0	0

0.0350821	0.0320609	 0 	0	0	0

0.0421029	0.0320609	 0 	0	0	0

0.0498427	0.0320609	 0 	0	0	0

0.0583608	0.0320609	 0 	0	0	0

0.0677186	0.0320609	 0 	0	0	0

0.0779783	0.0320609	 0 	0	0	0

0.089202	0.0320609	 0 	0	0	0

0.101451	0.0320609	 0 	0	0	0

0.114785	0.0320609	 0 	0	0	0

0.129257	0.0320609	 0 	0	0	0

0.144917	0.0320609	 0 	0	0	0

0.161805	0.0320609	 0 	0	0	0

0.179953	0.0320609	 0 	0	0	0

0.19938	0.0320609	 0 	0	0	0

0.220089	0.0320609	 0 	0	0	0

0.242067	0.0320609	 0 	0	0	0

0.265285	0.0320609	 0 	0	0	0

0.289691	0.0320609	 0 	0	0	0

0.315212	0.0320609	 0 	0	0	0

0.341756	0.0320609	 0 	0	0	0

0.369208	0.0320609	 0 	0	0	0

0.397433	0.0320609	 0 	0	0	0

0.42628	0.0320609	 0 	0	0	0

0.455583	0.0320609	 0 	0	0	0

0.485163	0.0320609	 0 	0	0	0

0.514837	0.0320609	 0 	0	0	0

0.544417	0.0320609	 0 	0	0	0

0.57372	0.0320609	 0 	0	0	0

0.602567	0.0320609	 0 	0	0	0

0.630792	0.0320609	 0 	0	0	0

0.658244	0.0320609	 0 	0	0	0

0.684788	0.0320609	 0 	0	0	0

0.710309	0.0320609	 0 	0	0	0

0.734715	0.0320609	 0 	0	0	0

0.757933	0.0320609	 0 	0	0	0

0.779911	0.0320609	 0 	0	0	0

0.80062	0.0320609	 0 	0	0	0

0.820047	0.0320609	 0 	0	0	0

0.838195	0.0320609	 0 	0	0	0

0.855083	0.0320609	 0 	0	0	0

0.870743	0.0320609	 0 	0	0	0

0.885215	0.0320609	 0 	0	0	0

0.898549	0.0320609	 0 	0	0	0

0.910798	0.0320609	 0 	0	0	0

0.922022	0.0320609	 0 	0	0	0

0.932281	0.0320609	 0 	0	0	0

0.941639	0.0320609	 0 	0	0	0

0.950157	0.0320609	 0 	0	0	0

0.957897	0.0320609	 0 	0	0	0

0.964918	0.0320609	 0 	0	0	0

0.971277	0.0320609	 0 	0	0	0

0.977029	0.0320609	 0 	0	0	0

0.982226	0.0320609	 0 	0	0	0

0.986915	0.0320609	 0 	0	0	0

0.991143	0.0320609	 0 	0	0	0

0.99495	0.0320609	 0 	0	0	0

0.998377	0.0320609	 0 	0	0	0

1.00162	0.0320609	 0 	0	0	0

-0.00162282	0.0461598	 0 	0	0	0

0.00162282	0.0461598	 0 	0	0	0

0.0050496	0.0461598	 0 	0	0	0

0.0088573	0.0461598	 0 	0	0	0

0.0130848	0.0461598	 0 	0	0	0

0.0177742	0.0461598	 0 	0	0	0

0.0229708	0.0461598	 0 	0	0	0

0.0287228	0.0461598	 0 	0	0	0

0.0350821	0.0461598	 0 	0	0	0

0.0421029	0.0461598	 0 	0	0	0

0.0498427	0.0461598	 0 	0	0	0

0.0583608	0.0461598	 0 	0	0	0

0.0677186	0.0461598	 0 	0	0	0

0.0779783	0.0461598	 0 	0	0	0

0.089202	0.0461598	 0 	0	0	0

0.101451	0.0461598	 0 	0	0	0

0.114785	0.0461598	 0 	0	0	0

0.129257	0.0461598	 0 	0	0	0

0.144917	0.0461598	 0 	0	0	0

0.161805	0.0461598	 0 	0	0	0

0.179953	0.0461598	 0 	0	0	0

0.19938	0.0461598	 0 	0	0	0

0.220089	0.0461598	 0 	0	0	0

0.242067	0.0461598	 0 	0	0	0

0.265285	0.0461598	 0 	0	0	0

0.289691	0.0461598	 0 	0	0	0

0.315212	0.0461598	 0 	0	0	0

0.341756	0.0461598	 0 	0	0	0

0.369208	0.0461598	 0 	0	0	0

0.397433	0.0461598	 0 	0	0	0

0.42628	0.0461598	 0 	0	0	0

0.455583	0.0461598	 0 	0	0	0

0.485163	0.0461598	 0 	0	0	0

0.514837	0.0461598	 0 	0	0	0

0.544417	0.0461598	 0 	0	0	0

0.57372	0.0461598	 0 	0	0	0

0.602567	0.0461598	 0 	0	0	0

0.630792	0.0461598	 0 	0	0	0

0.658244	0.0461598	 0 	0	0	0

0.684788	0.0461598	 0 	0	0	0

0.710309	0.0461598	 0 	0	0	0

0.734715	0.0461598	 0 	0	0	0

0.757933	0.0461598	 0 	0	0	0

0.779911	0.0461598	 0 	0	0	0

0.80062	0.0461598	 0 	0	0	0

0.820047	0.0461598	 0 	0	0	0

0.838195	0.0461598	 0 	0	0	0

0.855083	0.0461598	 0 	0	0	0

0.870743	0.0461598	 0 	0	0	0

0.885215	0.0461598	 0 	0	0	0

0.898549	0.0461598	 0 	0	0	0

0.910798	0.0461598	 0 	0	0	0

0.922022	0.0461598	 0 	0	0	0

0.932281	0.0461598	 0 	0	0	0

0.941639	0.0461598	 0 	0	0	0

0.950157	0.0461598	 0 	0	0	0

0.957897	0.0461598	 0 	0	0	0

0.964918	0.0461598	 0 	0	0	0

0.971277	0.0461598	 0 	0	0	0

0.977029	0.0461598	 0 	0	0	0

0.982226	0.0461598	 0 	0	0	0

0.986915	0.0461598	 0 	0	0	0

0.991143	0.0461598	 0 	0	0	0

0.99495	0.0461598	 0 	0	0	0

0.998377	0.0461598	 0 	0	0	0

1.00162	0.0461598	 0 	0	0	0

-0.00162282	0.0632574	 0 	0	0	0

0.00162282	0.0632574	 0 	0	0	0

0.0050496	0.0632574	 0 	0	0	0

0.0088573	0.0632574	 0 	0	0	0

0.0130848	0.0632574	 0 	0	0	0

0.0177742	0.0632574	 0 	0	0	0

0.0229708	0.0632574	 0 	0	0	0

0.0287228	0.0632574	 0 	0	0	0

0.0350821	0.0632574	 0 	0	0	0

0.0421029	0.0632574	 0 	0	0	0

0.0498427	0.0632574	 0 	0	0	0

0.0583608	0.0632574	 0 	0	0	0

0.0677186	0.0632574	 0 	0	0	0

0.0779783	0.0632574	 0 	0	0	0

0.089202	0.0632574	 0 	0	0	0

0.101451	0.0632574	 0 	0	0	0

0.114785	0.0632574	 0 	0	0	0

0.129257	0.0632574	 0 	0	0	0

0.144917	0.0632574	 0 	0	0	0

0.161805	0.0632574	 0 	0	0	0

0.179953	0.0632574	 0 	0	0	0

0.19938	0.0632574	 0 	0	0	0

0.220089	0.0632574	 0 	0	0	0

0.242067	0.0632574	 0 	0	0	0

0.265285	0.0632574	 0 	0	0	0

0.289691	0.0632574	 0 	0	0	0

0.315212	0.0632574	 0 	0	0	0

0.341756	0.0632574	 0 	0	0	0

0.369208	0.0632574	 0 	0	0	0

0.397433	0.0632574	 0 	0	0	0

0.42628	0.0632574	 0 	0	0	0

0.455583	0.0632574	 0 	0	0	0

0.485163	0.0632574	 0 	0	0	0

0.514837	0.0632574	 0 	0	0	0

0.544417	0.0632574	 0 	0	0	0

0.57372	0.0632574	 0 	0	0	0

0.602567	0.0632574	 0 	0	0	0

0.630792	0.0632574	 0 	0	0	0

0.658244	0.0632574	 0 	0	0	0

0.684788	0.0632574	 0 	0	0	0

0.710309	0.0632574	 0 	0	0	0

0.734715	0.0632574	 0 	0	0	0

0.757933	0.0632574	 0 	0	0	0

0.779911	0.0632574	 0 	0	0	0

0.80062	0.0632574	 0 	0	0	0

0.820047	0.0632574	 0 	0	0	0

0.838195	0.0632574	 0 	0	0	0

0.855083	0.0632574	 0 	0	0	0

0.870743	0.0632574	 0 	0	0	0

0.885215	0.0632574	 0 	0	0	0

0.898549	0.0632574	 0 	0	0	0

0.910798	0.0632574	 0 	0	0	0

0.922022	0.0632574	 0 	0	0	0

0.932281	0.0632574	 0 	0	0	0

0.941639	0.0632574	 0 	0	0	0

0.950157	0.0632574	 0 	0	0	0

0.957897	0.0632574	 0 	0	0	0

0.964918	0.0632574	 0 	0	0	0

0.971277	0.0632574	 0 	0	0	0

0.977029	0.0632574	 0 	0	0	0

0.982226	0.0632574	 0 	0	0	0

0.986915	0.0632574	 0 	0	0	0

0.991143	0.0632574	 0 	0	0	0

0.99495	0.0632574	 0 	0	0	0

0.998377	0.0632574	 0 	0	0	0

1.00162	0.0632574	 0 	0	0	0

-0.00162282	0.083839	 0 	0	0	0

0.00162282	0.083839	 0 	0	0	0

0.0050496	0.083839	 0 	0	0	0

0.0088573	0.083839	 0 	0	0	0

0.0130848	0.083839	 0 	0	0	0

0.0177742	0.083839	 0 	0	0	0

0.0229708	0.083839	 0 	0	0	0

0.0287228	0.083839	 0 	0	0	0

0.0350821	0.083839	 0 	0	0	0

0.0421029	0.083839	 0 	0	0	0

0.0498427	0.083839	 0 	0	0	0

0.0583608	0.083839	 0 	0	0	0

0.0677186	0.083839	 0 	0	0	0

0.0779783	0.083839	 0 	0	0	0

0.089202	0.083839	 0 	0	0	0

0.101451	0.083839	 0 	0	0	0

0.114785	0.083839	 0 	0	0	0

0.129257	0.083839	 0 	0	0	0

0.144917	0.083839	 0 	0	0	0

0.161805	0.083839	 0 	0	0	0

0.179953	0.083839	 0 	0	0	0

0.19938	0.083839	 0 	0	0	0

0.220089	0.083839	 0 	0	0	0

0.242067	0.083839	 0 	0	0	0

0.265285	0.083839	 0 	0	0	0

0.289691	0.083839	 0 	0	0	0

0.315212	0.083839	 0 	0	0	0

0.341756	0.083839	 0 	0	0	0

0.369208	0.083839	 0 	0	0	0

0.397433	0.083839	 0 	0	0	0

0.42628	0.083839	 0 	0	0	0

0.455583	0.083839	 0 	0	0	0

0.485163	0.083839	 0 	0	0	0

0.514837	0.083839	 0 	0	0	0

0.544417	0.083839	 0 	0	0	0

0.57372	0.083839	 0 	0	0	0

0.602567	0.083839	 0 	0	0	0

0.630792	0.083839	 0 	0	0	0

0.658244	0.083839	 0 	0	0	0

0.684788	0.083839	 0 	0	0	0

0.710309	0.083839	 0 	0	0	0

0.734715	0.083839	 0 	0	0	0

0.757933	0.083839	 0 	0	0	0

0.779911	0.083839	 0 	0	0	0

0.80062	0.083839	 0 	0	0	0

0.820047	0.083839	 0 	0	0	0

0.838195	0.083839	 0 	0	0	0

0.855083	0.083839	 0 	0	0	0

0.870743	0.083839	 0 	0	0	0

0.885215	0.083839	 0 	0	0	0

0.898549	0.083839	 0 	0	0	0

0.910798	0.083839	 0 	0	0	0

0.922022	0.083839	 0 	0	0	0

0.932281	0.083839	 0 	0	0	0

0.941639	0.083839	 0 	0	0	0

0.950157	0.083839	 0 	0	0	0

0.957897	0.083839	 0 	0	0	0

0.964918	0.083839	 0 	0	0	0

0.971277	0.083839	 0 	0	0	0

0.977029	0.083839	 0 	0	0	0

0.982226	0.083839	 0 	0	0	0

0.986915	0.083839	 0 	0	0	0

0.991143	0.083839	 0 	0	0	0

0.99495	0.083839	 0 	0	0	0

0.998377	0.083839	 0 	0	0	0

1.00162	0.083839	 0 	0	0	0

-0.00162282	0.108396	 0 	0	0	0

0.00162282	0.108396	 0 	0	0	0

0.0050496	0.108396	 0 	0	0	0

0.0088573	0.108396	 0 	0	0	0

0.0130848	0.108396	 0 	0	0	0

0.0177742	0.108396	 0 	0	0	0

0.0229708	0.108396	 0 	0	0	0

0.0287228	0.108396	 0 	0	0	0

0.0350821	0.108396	 0 	0	0	0

0.0421029	0.108396	 0 	0	0	0

0.0498427	0.108396	 0 	0	0	0

0.0583608	0.108396	 0 	0	0	0

0.0677186	0.108396	 0 	0	0	0

0.0779783	0.108396	 0 	0	0	0

0.089202	0.108396	 0 	0	0	0

0.101451	0.108396	 0 	0	0	0

0.114785	0.108396	 0 	0	0	0

0.129257	0.108396	 0 	0	0	0

0.144917	0.108396	 0 	0	0	0

0.161805	0.108396	 0 	0	0	0

0.179953	0.108396	 0 	0	0	0

0.19938	0.108396	 0 	0	0	0

0.220089	0.108396	 0 	0	0	0

0.242067	0.108396	 0 	0	0	0

0.265285	0.108396	 0 	0	0	0

0.289691	0.108396	 0 	0	0	0

0.315212	0.108396	 0 	0	0	0

0.341756	0.108396	 0 	0	0	0

0.369208	0.108396	 0 	0	0	0

0.397433	0.108396	 0 	0	0	0

0.42628	0.108396	 0 	0	0	0

0.455583	0.108396	 0 	0	0	0

0.485163	0.108396	 0 	0	0	0

0.514837	0.108396	 0 	0	0	0

0.544417	0.108396	 0 	0	0	0

0.57372	0.108396	 0 	0	0	0

0.602567	0.108396	 0 	0	0	0

0.630792	0.108396	 0 	0	0	0

0.658244	0.108396	 0 	0	0	0

0.684788	0.108396	 0 	0	0	0

0.710309	0.108396	 0 	0	0	0

0.734715	0.108396	 0 	0	0	0

0.757933	0.108396	 0 	0	0	0

0.779911	0.108396	 0 	0	0	0

0.80062	0.108396	 0 	0	0	0

0.820047	0.108396	 0 	0	0	0

0.838195	0.108396	 0 	0	0	0

0.855083	0.108396	 0 	0	0	0

0.870743	0.108396	 0 	0	0	0

0.885215	0.108396	 0 	0	0	0

0.898549	0.108396	 0 	0	0	0

0.910798	0.108396	 0 	0	0	0

0.922022	0.108396	 0 	0	0	0

0.932281	0.108396	 0 	0	0	0

0.941639	0.108396	 0 	0	0	0

0.950157	0.108396	 0 	0	0	0

0.957897	0.108396	 0 	0	0	0

0.964918	0.108396	 0 	0	0	0

0.971277	0.108396	 0 	0	0	0

0.977029	0.108396	 0 	0	0	0

0.982226	0.108396	 0 	0	0	0

0.986915	0.108396	 0 	0	0	0

0.991143	0.108396	 0 	0	0	0

0.99495	0.108396	 0 	0	0	0

0.998377	0.108396	 0 	0	0	0

1.00162	0.108396	 0 	0	0	0

-0.00162282	0.137389	 0 	0	0	0

0.00162282	0.137389	 0 	0	0	0

0.0050496	0.137389	 0 	0	0	0

0.0088573	0.137389	 0 	0	0	0

0.0130848	0.137389	 0 	0	0	0

0.0177742	0.137389	 0 	0	0	0

0.0229708	0.137389	 0 	0	0	0

0.0287228	0.137389	 0 	0	0	0

0.0350821	0.137389	 0 	0	0	0

0.0421029	0.137389	 0 	0	0	0

0.0498427	0.137389	 0 	0	0	0

0.0583608	0.137389	 0 	0	0	0

0.0677186	0.137389	 0 	0	0	0

0.0779783	0.137389	 0 	0	0	0

0.089202	0.137389	 0 	0	0	0

0.101451	0.137389	 0 	0	0	0

0.114785	0.137389	 0 	0	0	0

0.129257	0.137389	 0 	0	0	0

0.144917	0.137389	 0 	0	0	0

0.161805	0.137389	 0 	0	0	0

0.179953	0.137389	 0 	0	0	0

0.19938	0.137389	 0 	0	0	0

0.220089	0.137389	 0 	0	0	0

0.242067	0.137389	 0 	0	0	0

0.265285	0.137389	 0 	0	0	0

0.289691	0.137389	 0 	0	0	0

0.315212	0.137389	 0 	0	0	0

0.341756	0.137389	 0 	0	0	0

0.369208	0.137389	 0 	0	0	0

0.397433	0.137389	 0 	0	0	0

0.42628	0.137389	 0 	0	0	0

0.455583	0.137389	 0 	0	0	0

0.485163	0.137389	 0 	0	0	0

0.514837	0.137389	 0 	0	0	0

0.544417	0.137389	 0 	0	0	0

0.57372	0.137389	 0 	0	0	0

0.602567	0.137389	 0 	0	0	0

0.630792	0.137389	 0 	0	0	0

0.658244	0.137389	 0 	0	0	0

0.684788	0.137389	 0 	0	0	0

0.710309	0.137389	 0 	0	0	0

0.734715	0.137389	 0 	0	0	0

0.757933	0.137389	 0 	0	0	0

0.779911	0.137389	 0 	0	0	0

0.80062	0.137389	 0 	0	0	0

0.820047	0.137389	 0 	0	0	0

0.838195	0.137389	 0 	0	0	0

0.855083	0.137389	 0 	0	0	0

0.870743	0.137389	 0 	0	0	0

0.885215	0.137389	 0 	0	0	0

0.898549	0.137389	 0 	0	0	0

0.910798	0.137389	 0 	0	0	0

0.922022	0.137389	 0 	0	0	0

0.932281	0.137389	 0 	0	0	0

0.941639	0.137389	 0 	0	0	0

0.950157	0.137389	 0 	0	0	0

0.957897	0.137389	 0 	0	0	0

0.964918	0.137389	 0 	0	0	0

0.971277	0.137389	 0 	0	0	0

0.977029	0.137389	 0 	0	0	0

0.982226	0.137389	 0 	0	0	0

0.986915	0.137389	 0 	0	0	0

0.991143	0.137389	 0 	0	0	0

0.99495	0.137389	 0 	0	0	0

0.998377	0.137389	 0 	0	0	0

1.00162	0.137389	 0 	0	0	0

-0.00162282	0.171197	 0 	0	0	0

0.00162282	0.171197	 0 	0	0	0

0.0050496	0.171197	 0 	0	0	0

0.0088573	0.171197	 0 	0	0	0

0.0130848	0.171197	 0 	0	0	0

0.0177742	0.171197	 0 	0	0	0

0.0229708	0.171197	 0 	0	0	0

0.0287228	0.171197	 0 	0	0	0

0.0350821	0.171197	 0 	0	0	0

0.0421029	0.171197	 0 	0	0	0

0.0498427	0.171197	 0 	0	0	0

0.0583608	0.171197	 0 	0	0	0

0.0677186	0.171197	 0 	0	0	0

0.0779783	0.171197	 0 	0	0	0

0.089202	0.171197	 0 	0	0	0

0.101451	0.171197	 0 	0	0	0

0.114785	0.171197	 0 	0	0	0

0.129257	0.171197	 0 	0	0	0

0.144917	0.171197	 0 	0	0	0

0.161805	0.171197	 0 	0	0	0

0.179953	0.171197	 0 	0	0	0

0.19938	0.171197	 0 	0	0	0

0.220089	0.171197	 0 	0	0	0

0.242067	0.171197	 0 	0	0	0

0.265285	0.171197	 0 	0	0	0

0.289691	0.171197	 0 	0	0	0

0.315212	0.171197	 0 	0	0	0

0.341756	0.171197	 0 	0	0	0

0.369208	0.171197	 0 	0	0	0

0.397433	0.171197	 0 	0	0	0

0.42628	0.171197	 0 	0	0	0

0.455583	0.171197	 0 	0	0	0

0.485163	0.171197	 0 	0	0	0

0.514837	0.171197	 0 	0	0	0

0.544417	0.171197	 0 	0	0	0

0.57372	0.171197	 0 	0	0	0

0.602567	0.171197	 0 	0	0	0

0.630792	0.171197	 0 	0	0	0

0.658244	0.171197	 0 	0	0	0

0.684788	0.171197	 0 	0	0	0

0.710309	0.171197	 0 	0	0	0

0.734715	0.171197	 0 	0	0	0

0.757933	0.171197	 0 	0	0	0

0.779911	0.171197	 0 	0	0	0

0.80062	0.171197	 0 	0	0	0

0.820047	0.171197	 0 	0	0	0

0.838195	0.171197	 0 	0	0	0

0.855083	0.171197	 0 	0	0	0

0.870743	0.171197	 0 	0	0	0

0.885215	0.171197	 0 	0	0	0

0.898549	0.171197	 0 	0	0	0

0.910798	0.171197	 0 	0	0	0

0.922022	0.171197	 0 	0	0	0

0.932281	0.171197	 0 	0	0	0

0.941639	0.171197	 0 	0	0	0

0.950157	0.171197	 0 	0	0	0

0.957897	0.171197	 0 	0	0	0

0.964918	0.171197	 0 	0	0	0

0.971277	0.171197	 0 	0	0	0

0.977029	0.171197	 0 	0	0	0

0.982226	0.171197	 0 	0	0	0

0.986915	0.171197	 0 	0	0	0

0.991143	0.171197	 0 	0	0	0

0.99495	0.171197	 0 	0	0	0

0.998377	0.171197	 0 	0	0	0

1.00162	0.171197	 0 	0	0	0

-0.00162282	0.210054	 0 	0	0	0

0.00162282	0.210054	 0 	0	0	0

0.0050496	0.210054	 0 	0	0	0

0.0088573	0.210054	 0 	0	0	0

0.0130848	0.210054	 0 	0	0	0

0.0177742	0.210054	 0 	0	0	0

0.0229708	0.210054	 0 	0	0	0

0.0287228	0.210054	 0 	0	0	0

0.0350821	0.210054	 0 	0	0	0

0.0421029	0.210054	 0 	0	0	0

0.0498427	0.210054	 0 	0	0	0

0.0583608	0.210054	 0 	0	0	0

0.0677186	0.210054	 0 	0	0	0

0.0779783	0.210054	 0 	0	0	0

0.089202	0.210054	 0 	0	0	0

0.101451	0.210054	 0 	0	0	0

0.114785	0.210054	 0 	0	0	0

0.129257	0.210054	 0 	0	0	0

0.144917	0.210054	 0 	0	0	0

0.161805	0.210054	 0 	0	0	0

0.179953	0.210054	 0 	0	0	0

0.19938	0.210054	 0 	0	0	0

0.220089	0.210054	 0 	0	0	0

0.242067	0.210054	 0 	0	0	0

0.265285	0.210054	 0 	0	0	0

0.289691	0.210054	 0 	0	0	0

0.315212	0.210054	 0 	0	0	0

0.341756	0.210054	 0 	0	0	0

0.369208	0.210054	 0 	0	0	0

0.397433	0.210054	 0 	0	0	0

0.42628	0.210054	 0 	0	0	0

0.455583	0.210054	 0 	0	0	0

0.485163	0.210054	 0 	0	0	0

0.514837	0.210054	 0 	0	0	0

0.544417	0.210054	 0 	0	0	0

0.57372	0.210054	 0 	0	0	0

0.602567	0.210054	 0 	0	0	0

0.630792	0.210054	 0 	0	0	0

0.658244	0.210054	 0 	0	0	0

0.684788	0.210054	 0 	0	0	0

0.710309	0.210054	 0 	0	0	0

0.734715	0.210054	 0 	0	0	0

0.757933	0.210054	 0 	0	0	0

0.779911	0.210054	 0 	0	0	0

0.80062	0.210054	 0 	0	0	0

0.820047	0.210054	 0 	0	0	0

0.838195	0.210054	 0 	0	0	0

0.855083	0.210054	 0 	0	0	0

0.870743	0.210054	 0 	0	0	0

0.885215	0.210054	 0 	0	0	0

0.898549	0.210054	 0 	0	0	0

0.910798	0.210054	 0 	0	0	0

0.922022	0.210054	 0 	0	0	0

0.932281	0.210054	 0 	0	0	0

0.941639	0.210054	 0 	0	0	0

0.950157	0.210054	 0 	0	0	0

0.957897	0.210054	 0 	0	0	0

0.964918	0.210054	 0 	0	0	0

0.971277	0.210054	 0 	0	0	0

0.977029	0.210054	 0 	0	0	0

0.982226	0.210054	 0 	0	0	0

0.986915	0.210054	 0 	0	0	0

0.991143	0.210054	 0 	0	0	0

0.99495	0.210054	 0 	0	0	0

0.998377	0.210054	 0 	0	0	0

1.00162	0.210054	 0 	0	0	0

-0.00162282	0.253981	 0 	0	0	0

0.00162282	0.253981	 0 	0	0	0

0.0050496	0.253981	 0 	0	0	0

0.0088573	0.253981	 0 	0	0	0

0.0130848	0.253981	 0 	0	0	0

0.0177742	0.253981	 0 	0	0	0

0.0229708	0.253981	 0 	0	0	0

0.0287228	0.253981	 0 	0	0	0

0.0350821	0.253981	 0 	0	0	0

0.0421029	0.253981	 0 	0	0	0

0.0498427	0.253981	 0 	0	0	0

0.0583608	0.253981	 0 	0	0	0

0.0677186	0.253981	 0 	0	0	0

0.0779783	0.253981	 0 	0	0	0

0.089202	0.253981	 0 	0	0	0

0.101451	0.253981	 0 	0	0	0

0.114785	0.253981	 0 	0	0	0

0.129257	0.253981	 0 	0	0	0

0.144917	0.253981	 0 	0	0	0

0.161805	0.253981	 0 	0	0	0

0.179953	0.253981	 0 	0	0	0

0.19938	0.253981	 0 	0	0	0

0.220089	0.253981	 0 	0	0	0

0.242067	0.253981	 0 	0	0	0

0.265285	0.253981	 0 	0	0	0

0.289691	0.253981	 0 	0	0	0

0.315212	0.253981	 0 	0	0	0

0.341756	0.253981	 0 	0	0	0

0.369208	0.253981	 0 	0	0	0

0.397433	0.253981	 0 	0	0	0

0.42628	0.253981	 0 	0	0	0

0.455583	0.253981	 0 	0	0	0

0.485163	0.253981	 0 	0	0	0

0.514837	0.253981	 0 	0	0	0

0.544417	0.253981	 0 	0	0	0

0.57372	0.253981	 0 	0	0	0

0.602567	0.253981	 0 	0	0	0

0.630792	0.253981	 0 	0	0	0

0.658244	0.253981	 0 	0	0	0

0.684788	0.253981	 0 	0	0	0

0.710309	0.253981	 0 	0	0	0

0.734715	0.253981	 0 	0	0	0

0.757933	0.253981	 0 	0	0	0

0.779911	0.253981	 0 	0	0	0

0.80062	0.253981	 0 	0	0	0

0.820047	0.253981	 0 	0	0	0

0.838195	0.253981	 0 	0	0	0

0.855083	0.253981	 0 	0	0	0

0.870743	0.253981	 0 	0	0	0

0.885215	0.253981	 0 	0	0	0

0.898549	0.253981	 0 	0	0	0

0.910798	0.253981	 0 	0	0	0

0.922022	0.253981	 0 	0	0	0

0.932281	0.253981	 0 	0	0	0

0.941639	0.253981	 0 	0	0	0

0.950157	0.253981	 0 	0	0	0

0.957897	0.253981	 0 	0	0	0

0.964918	0.253981	 0 	0	0	0

0.971277	0.253981	 0 	0	0	0

0.977029	0.253981	 0 	0	0	0

0.982226	0.253981	 0 	0	0	0

0.986915	0.253981	 0 	0	0	0

0.991143	0.253981	 0 	0	0	0

0.99495	0.253981	 0 	0	0	0

0.998377	0.253981	 0 	0	0	0

1.00162	0.253981	 0 	0	0	0

-0.00162282	0.30272	 0 	0	0	0

0.00162282	0.30272	 0 	0	0	0

0.0050496	0.30272	 0 	0	0	0

0.0088573	0.30272	 0 	0	0	0

0.0130848	0.30272	 0 	0	0	0

0.0177742	0.30272	 0 	0	0	0

0.0229708	0.30272	 0 	0	0	0

0.0287228	0.30272	 0 	0	0	0

0.0350821	0.30272	 0 	0	0	0

0.0421029	0.30272	 0 	0	0	0

0.0498427	0.30272	 0 	0	0	0

0.0583608	0.30272	 0 	0	0	0

0.0677186	0.30272	 0 	0	0	0

0.0779783	0.30272	 0 	0	0	0

0.089202	0.30272	 0 	0	0	0

0.101451	0.30272	 0 	0	0	0

0.114785	0.30272	 0 	0	0	0

0.129257	0.30272	 0 	0	0	0

0.144917	0.30272	 0 	0	0	0

0.161805	0.30272	 0 	0	0	0

0.179953	0.30272	 0 	0	0	0

0.19938	0.30272	 0 	0	0	0

0.220089	0.30272	 0 	0	0	0

0.242067	0.30272	 0 	0	0	0

0.265285	0.30272	 0 	0	0	0

0.289691	0.30272	 0 	0	0	0

0.315212	0.30272	 0 	0	0	0

0.341756	0.30272	 0 	0	0	0

0.369208	0.30272	 0 	0	0	0

0.397433	0.30272	 0 	0	0	0

0.42628	0.30272	 0 	0	0	0

0.455583	0.30272	 0 	0	0	0

0.485163	0.30272	 0 	0	0	0

0.514837	0.30272	 0 	0	0	0

0.544417	0.30272	 0 	0	0	0

0.57372	0.30272	 0 	0	0	0

0.602567	0.30272	 0 	0	0	0

0.630792	0.30272	 0 	0	0	0

0.658244	0.30272	 0 	0	0	0

0.684788	0.30272	 0 	0	0	0

0.710309	0.30272	 0 	0	0	0

0.734715	0.30272	 0 	0	0	0

0.757933	0.30272	 0 	0	0	0

0.779911	0.30272	 0 	0	0	0

0.80062	0.30272	 0 	0	0	0

0.820047	0.30272	 0 	0	0	0

0.838195	0.30272	 0 	0	0	0

0.855083	0.30272	 0 	0	0	0

0.870743	0.30272	 0 	0	0	0

0.885215	0.30272	 0 	0	0	0

0.898549	0.30272	 0 	0	0	0

0.910798	0.30272	 0 	0	0	0

0.922022	0.30272	 0 	0	0	0

0.932281	0.30272	 0 	0	0	0

0.941639	0.30272	 0 	0	0	0

0.950157	0.30272	 0 	0	0	0

0.957897	0.30272	 0 	0	0	0

0.964918	0.30272	 0 	0	0	0

0.971277	0.30272	 0 	0	0	0

0.977029	0.30272	 0 	0	0	0

0.982226	0.30272	 0 	0	0	0

0.986915	0.30272	 0 	0	0	0

0.991143	0.30272	 0 	0	0	0

0.99495	0.30272	 0 	0	0	0

0.998377	0.30272	 0 	0	0	0

1.00162	0.30272	 0 	0	0	0

-0.00162282	0.355693	 0 	0	0	0

0.00162282	0.355693	 0 	0	0	0

0.0050496	0.355693	 0 	0	0	0

0.0088573	0.355693	 0 	0	0	0

0.0130848	0.355693	 0 	0	0	0

0.0177742	0.355693	 0 	0	0	0

0.0229708	0.355693	 0 	0	0	0

0.0287228	0.355693	 0 	0	0	0

0.0350821	0.355693	 0 	0	0	0

0.0421029	0.355693	 0 	0	0	0

0.0498427	0.355693	 0 	0	0	0

0.0583608	0.355693	 0 	0	0	0

0.0677186	0.355693	 0 	0	0	0

0.0779783	0.355693	 0 	0	0	0

0.089202	0.355693	 0 	0	0	0

0.101451	0.355693	 0 	0	0	0

0.114785	0.355693	 0 	0	0	0

0.129257	0.355693	 0 	0	0	0

0.144917	0.355693	 0 	0	0	0

0.161805	0.355693	 0 	0	0	0

0.179953	0.355693	 0 	0	0	0

0.19938	0.355693	 0 	0	0	0

0.220089	0.355693	 0 	0	0	0

0.242067	0.355693	 0 	0	0	0

0.265285	0.355693	 0 	0	0	0

0.289691	0.355693	 0 	0	0	0

0.315212	0.355693	 0 	0	0	0

0.341756	0.355693	 0 	0	0	0

0.369208	0.355693	 0 	0	0	0

0.397433	0.355693	 0 	0	0	0

0.42628	0.355693	 0 	0	0	0

0.455583	0.355693	 0 	0	0	0

0.485163	0.355693	 0 	0	0	0

0.514837	0.355693	 0 	0	0	0

0.544417	0.355693	 0 	0	0	0

0.57372	0.355693	 0 	0	0	0

0.602567	0.355693	 0 	0	0	0

0.630792	0.355693	 0 	0	0	0

0.658244	0.355693	 0 	0	0	0

0.684788	0.355693	 0 	0	0	0

0.710309	0.355693	 0 	0	0	0

0.734715	0.355693	 0 	0	0	0

0.757933	0.355693	 0 	0	0	0

0.779911	0.355693	 0 	0	0	0

0.80062	0.355693	 0 	0	0	0

0.820047	0.355693	 0 	0	0	0

0.838195	0.355693	 0 	0	0	0

0.855083	0.355693	 0 	0	0	0

0.870743	0.355693	 0 	0	0	0

0.885215	0.355693	 0 	0	0	0

0.898549	0.355693	 0 	0	0	0

0.910798	0.355693	 0 	0	0	0

0.922022	0.355693	 0 	0	0	0

0.932281	0.355693	 0 	0	0	0

0.941639	0.355693	 0 	0	0	0

0.950157	0.355693	 0 	0	0	0

0.957897	0.355693	 0 	0	0	0

0.964918	0.355693	 0 	0	0	0

0.971277	0.355693	 0 	0	0	0

0.977029	0.355693	 0 	0	0	0

0.982226	0.355693	 0 	0	0	0

0.986915	0.355693	 0 	0	0	0

0.991143	0.355693	 0 	0	0	0

0.99495	0.355693	 0 	0	0	0

0.998377	0.355693	 0 	0	0	0

1.00162	0.355693	 0 	0	0	0

-0.00162282	0.411992	 0 	0	0	0

0.00162282	0.411992	 0 	0	0	0

0.0050496	0.411992	 0 	0	0	0

0.0088573	0.411992	 0 	0	0	0

0.0130848	0.411992	 0 	0	0	0

0.0177742	0.411992	 0 	0	0	0

0.0229708	0.411992	 0 	0	0	0

0.0287228	0.411992	 0 	0	0	0

0.0350821	0.411992	 0 	0	0	0

0.0421029	0.411992	 0 	0	0	0

0.0498427	0.411992	 0 	0	0	0

0.0583608	0.411992	 0 	0	0	0

0.0677186	0.411992	 0 	0	0	0

0.0779783	0.411992	 0 	0	0	0

0.089202	0.411992	 0 	0	0	0

0.101451	0.411992	 0 	0	0	0

0.114785	0.411992	 0 	0	0	0

0.129257	0.411992	 0 	0	0	0

0.144917	0.411992	 0 	0	0	0

0.161805	0.411992	 0 	0	0	0

0.179953	0.411992	 0 	0	0	0

0.19938	0.411992	 0 	0	0	0

0.220089	0.411992	 0 	0	0	0

0.242067	0.411992	 0 	0	0	0

0.265285	0.411992	 0 	0	0	0

0.289691	0.411992	 0 	0	0	0

0.315212	0.411992	 0 	0	0	0

0.341756	0.411992	 0 	0	0	0

0.369208	0.411992	 0 	0	0	0

0.397433	0.411992	 0 	0	0	0

0.42628	0.411992	 0 	0	0	0

0.455583	0.411992	 0 	0	0	0

0.485163	0.411992	 0 	0	0	0

0.514837	0.411992	 0 	0	0	0

0.544417	0.411992	 0 	0	0	0

0.57372	0.411992	 0 	0	0	0

0.602567	0.411992	 0 	0	0	0

0.630792	0.411992	 0 	0	0	0

0.658244	0.411992	 0 	0	0	0

0.684788	0.411992	 0 	0	0	0

0.710309	0.411992	 0 	0	0	0

0.734715	0.411992	 0 	0	0	0

0.757933	0.411992	 0 	0	0	0

0.779911	0.411992	 0 	0	0	0

0.80062	0.411992	 0 	0	0	0

0.820047	0.411992	 0 	0	0	0

0.838195	0.411992	 0 	0	0	0

0.855083	0.411992	 0 	0	0	0

0.870743	0.411992	 0 	0	0	0

0.885215	0.411992	 0 	0	0	0

0.898549	0.411992	 0 	0	0	0

0.910798	0.411992	 0 	0	0	0

0.922022	0.411992	 0 	0	0	0

0.932281	0.411992	 0 	0	0	0

0.941639	0.411992	 0 	0	0	0

0.950157	0.411992	 0 	0	0	0

0.957897	0.411992	 0 	0	0	0

0.964918	0.411992	 0 	0	0	0

0.971277	0.411992	 0 	0	0	0

0.977029	0.411992	 0 	0	0	0

0.982226	0.411992	 0 	0	0	0

0.986915	0.411992	 0 	0	0	0

0.991143	0.411992	 0 	0	0	0

0.99495	0.411992	 0 	0	0	0

0.998377	0.411992	 0 	0	0	0

1.00162	0.411992	 0 	0	0	0

-0.00162282	0.47042	 0 	0	0	0

0.00162282	0.47042	 0 	0	0	0

0.0050496	0.47042	 0 	0	0	0

0.0088573	0.47042	 0 	0	0	0

0.0130848	0.47042	 0 	0	0	0

0.0177742	0.47042	 0 	0	0	0

0.0229708	0.47042	 0 	0	0	0

0.0287228	0.47042	 0 	0	0	0

0.0350821	0.47042	 0 	0	0	0

0.0421029	0.47042	 0 	0	0	0

0.0498427	0.47042	 0 	0	0	0

0.0583608	0.47042	 0 	0	0	0

0.0677186	0.47042	 0 	0	0	0

0.0779783	0.47042	 0 	0	0	0

0.089202	0.47042	 0 	0	0	0

0.101451	0.47042	 0 	0	0	0

0.114785	0.47042	 0 	0	0	0

0.129257	0.47042	 0 	0	0	0

0.144917	0.47042	 0 	0	0	0

0.161805	0.47042	 0 	0	0	0

0.179953	0.47042	 0 	0	0	0

0.19938	0.47042	 0 	0	0	0

0.220089	0.47042	 0 	0	0	0

0.242067	0.47042	 0 	0	0	0

0.265285	0.47042	 0 	0	0	0

0.289691	0.47042	 0 	0	0	0

0.315212	0.47042	 0 	0	0	0

0.341756	0.47042	 0 	0	0	0

0.369208	0.47042	 0 	0	0	0

0.397433	0.47042	 0 	0	0	0

0.42628	0.47042	 0 	0	0	0

0.455583	0.47042	 0 	0	0	0

0.485163	0.47042	 0 	0	0	0

0.514837	0.47042	 0 	0	0	0

0.544417	0.47042	 0 	0	0	0

0.57372	0.47042	 0 	0	0	0

0.602567	0.47042	 0 	0	0	0

0.630792	0.47042	 0 	0	0	0

0.658244	0.47042	 0 	0	0	0

0.684788	0.47042	 0 	0	0	0

0.710309	0.47042	 0 	0	0	0

0.734715	0.47042	 0 	0	0	0

0.757933	0.47042	 0 	0	0	0

0.779911	0.47042	 0 	0	0	0

0.80062	0.47042	 0 	0	0	0

0.820047	0.47042	 0 	0	0	0

0.838195	0.47042	 0 	0	0	0

0.855083	0.47042	 0 	0	0	0

0.870743	0.47042	 0 	0	0	0

0.885215	0.47042	 0 	0	0	0

0.898549	0.47042	 0 	0	0	0

0.910798	0.47042	 0 	0	0	0

0.922022	0.47042	 0 	0	0	0

0.932281	0.47042	 0 	0	0	0

0.941639	0.47042	 0 	0	0	0

0.950157	0.47042	 0 	0	0	0

0.957897	0.47042	 0 	0	0	0

0.964918	0.47042	 0 	0	0	0

0.971277	0.47042	 0 	0	0	0

0.977029	0.47042	 0 	0	0	0

0.982226	0.47042	 0 	0	0	0

0.986915	0.47042	 0 	0	0	0

0.991143	0.47042	 0 	0	0	0

0.99495	0.47042	 0 	0	0	0

0.998377	0.47042	 0 	0	0	0

1.00162	0.47042	 0 	0	0	0

-0.00162282	0.52958	 0 	0	0	0

0.00162282	0.52958	 0 	0	0	0

0.0050496	0.52958	 0 	0	0	0

0.0088573	0.52958	 0 	0	0	0

0.0130848	0.52958	 0 	0	0	0

0.0177742	0.52958	 0 	0	0	0

0.0229708	0.52958	 0 	0	0	0

0.0287228	0.52958	 0 	0	0	0

0.0350821	0.52958	 0 	0	0	0

0.0421029	0.52958	 0 	0	0	0

0.0498427	0.52958	 0 	0	0	0

0.0583608	0.52958	 0 	0	0	0

0.0677186	0.52958	 0 	0	0	0

0.0779783	0.52958	 0 	0	0	0

0.089202	0.52958	 0 	0	0	0

0.101451	0.52958	 0 	0	0	0

0.114785	0.52958	 0 	0	0	0

0.129257	0.52958	 0 	0	0	0

0.144917	0.52958	 0 	0	0	0

0.161805	0.52958	 0 	0	0	0

0.179953	0.52958	 0 	0	0	0

0.19938	0.52958	 0 	0	0	0

0.220089	0.52958	 0 	0	0	0

0.242067	0.52958	 0 	0	0	0

0.265285	0.52958	 0 	0	0	0

0.289691	0.52958	 0 	0	0	0

0.315212	0.52958	 0 	0	0	0

0.341756	0.52958	 0 	0	0	0

0.369208	0.52958	 0 	0	0	0

0.397433	0.52958	 0 	0	0	0

0.42628	0.52958	 0 	0	0	0

0.455583	0.52958	 0 	0	0	0

0.485163	0.52958	 0 	0	0	0

0.514837	0.52958	 0 	0	0	0

0.544417	0.52958	 0 	0	0	0

0.57372	0.52958	 0 	0	0	0

0.602567	0.52958	 0 	0	0	0

0.630792	0.52958	 0 	0	0	0

0.658244	0.52958	 0 	0	0	0

0.684788	0.52958	 0 	0	0	0

0.710309	0.52958	 0 	0	0	0

0.734715	0.52958	 0 	0	0	0

0.757933	0.52958	 0 	0	0	0

0.779911	0.52958	 0 	0	0	0

0.80062	0.52958	 0 	0	0	0

0.820047	0.52958	 0 	0	0	0

0.838195	0.52958	 0 	0	0	0

0.855083	0.52958	 0 	0	0	0

0.870743	0.52958	 0 	0	0	0

0.885215	0.52958	 0 	0	0	0

0.898549	0.52958	 0 	0	0	0

0.910798	0.52958	 0 	0	0	0

0.922022	0.52958	 0 	0	0	0

0.932281	0.52958	 0 	0	0	0

0.941639	0.52958	 0 	0	0	0

0.950157	0.52958	 0 	0	0	0

0.957897	0.52958	 0 	0	0	0

0.964918	0.52958	 0 	0	0	0

0.971277	0.52958	 0 	0	0	0

0.977029	0.52958	 0 	0	0	0

0.982226	0.52958	 0 	0	0	0

0.986915	0.52958	 0 	0	0	0

0.991143	0.52958	 0 	0	0	0

0.99495	0.52958	 0 	0	0	0

0.998377	0.52958	 0 	0	0	0

1.00162	0.52958	 0 	0	0	0

-0.00162282	0.588008	 0 	0	0	0

0.00162282	0.588008	 0 	0	0	0

0.0050496	0.588008	 0 	0	0	0

0.0088573	0.588008	 0 	0	0	0

0.0130848	0.588008	 0 	0	0	0

0.0177742	0.588008	 0 	0	0	0

0.0229708	0.588008	 0 	0	0	0

0.0287228	0.588008	 0 	0	0	0

0.0350821	0.588008	 0 	0	0	0

0.0421029	0.588008	 0 	0	0	0

0.0498427	0.588008	 0 	0	0	0

0.0583608	0.588008	 0 	0	0	0

0.0677186	0.588008	 0 	0	0	0

0.0779783	0.588008	 0 	0	0	0

0.089202	0.588008	 0 	0	0	0

0.101451	0.588008	 0 	0	0	0

0.114785	0.588008	 0 	0	0	0

0.129257	0.588008	 0 	0	0	0

0.144917	0.588008	 0 	0	0	0

0.161805	0.588008	 0 	0	0	0

0.179953	0.588008	 0 	0	0	0

0.19938	0.588008	 0 	0	0	0

0.220089	0.588008	 0 	0	0	0

0.242067	0.588008	 0 	0	0	0

0.265285	0.588008	 0 	0	0	0

0.289691	0.588008	 0 	0	0	0

0.315212	0.588008	 0 	0	0	0

0.341756	0.588008	 0 	0	0	0

0.369208	0.588008	 0 	0	0	0

0.397433	0.588008	 0 	0	0	0

0.42628	0.588008	 0 	0	0	0

0.455583	0.588008	 0 	0	0	0

0.485163	0.588008	 0 	0	0	0

0.514837	0.588008	 0 	0	0	0

0.544417	0.588008	 0 	0	0	0

0.57372	0.588008	 0 	0	0	0

0.602567	0.588008	 0 	0	0	0

0.630792	0.588008	 0 	0	0	0

0.658244	0.588008	 0 	0	0	0

0.684788	0.588008	 0 	0	0	0

0.710309	0.588008	 0 	0	0	0

0.734715	0.588008	 0 	0	0	0

0.757933	0.588008	 0 	0	0	0

0.779911	0.588008	 0 	0	0	0

0.80062	0.588008	 0 	0	0	0

0.820047	0.588008	 0 	0	0	0

0.838195	0.588008	 0 	0	0	0

0.855083	0.588008	 0 	0	0	0

0.870743	0.588008	 0 	0	0	0

0.885215	0.588008	 0 	0	0	0

0.898549	0.588008	 0 	0	0	0

0.910798	0.588008	 0 	0	0	0

0.922022	0.588008	 0 	0	0	0

0.932281	0.588008	 0 	0	0	0

0.941639	0.588008	 0 	0	0	0

0.950157	0.588008	 0 	0	0	0

0.957897	0.588008	 0 	0	0	0

0.964918	0.588008	 0 	0	0	0

0.971277	0.588008	 0 	0	0	0

0.977029	0.588008	 0 	0	0	0

0.982226	0.588008	 0 	0	0	0

0.986915	0.588008	 0 	0	0	0

0.991143	0.588008	 0 	0	0	0

0.99495	0.588008	 0 	0	0	0

0.998377	0.588008	 0 	0	0	0

1.00162	0.588008	 0 	0	0	0

-0.00162282	0.644307	 0 	0	0	0

0.00162282	0.644307	 0 	0	0	0

0.0050496	0.644307	 0 	0	0	0

0.0088573	0.644307	 0 	0	0	0

0.0130848	0.644307	 0 	0	0	0

0.0177742	0.644307	 0 	0	0	0

0.0229708	0.644307	 0 	0	0	0

0.0287228	0.644307	 0 	0	0	0

0.0350821	0.644307	 0 	0	0	0

0.0421029	0.644307	 0 	0	0	0

0.0498427	0.644307	 0 	0	0	0

0.0583608	0.644307	 0 	0	0	0

0.0677186	0.644307	 0 	0	0	0

0.0779783	0.644307	 0 	0	0	0

0.089202	0.644307	 0 	0	0	0

0.101451	0.644307	 0 	0	0	0

0.114785	0.644307	 0 	0	0	0

0.129257	0.644307	 0 	0	0	0

0.144917	0.644307	 0 	0	0	0

0.161805	0.644307	 0 	0	0	0

0.179953	0.644307	 0 	0	0	0

0.19938	0.644307	 0 	0	0	0

0.220089	0.644307	 0 	0	0	0

0.242067	0.644307	 0 	0	0	0

0.265285	0.644307	 0 	0	0	0

0.289691	0.644307	 0 	0	0	0

0.315212	0.644307	 0 	0	0	0

0.341756	0.644307	 0 	0	0	0

0.369208	0.644307	 0 	0	0	0

0.397433	0.644307	 0 	0	0	0

0.42628	0.644307	 0 	0	0	0

0.455583	0.644307	 0 	0	0	0

0.485163	0.644307	 0 	0	0	0

0.514837	0.644307	 0 	0	0	0

0.544417	0.644307	 0 	0	0	0

0.57372	0.644307	 0 	0	0	0

0.602567	0.644307	 0 	0	0	0

0.630792	0.644307	 0 	0	0	0

0.658244	0.644307	 0 	0	0	0

0.684788	0.644307	 0 	0	0	0

0.710309	0.644307	 0 	0	0	0

0.734715	0.644307	 0 	0	0	0

0.757933	0.644307	 0 	0	0	0

0.779911	0.644307	 0 	0	0	0

0.80062	0.644307	 0 	0	0	0

0.820047	0.644307	 0 	0	0	0

0.838195	0.644307	 0 	0	0	0

0.855083	0.644307	 0 	0	0	0

0.870743	0.644307	 0 	0	0	0

0.885215	0.644307	 0 	0	0	0

0.898549	0.644307	 0 	0	0	0

0.910798	0.644307	 0 	0	0	0

0.922022	0.644307	 0 	0	0	0

0.932281	0.644307	 0 	0	0	0

0.941639	0.644307	 0 	0	0	0

0.950157	0.644307	 0 	0	0	0

0.957897	0.644307	 0 	0	0	0

0.964918	0.644307	 0 	0	0	0

0.971277	0.644307	 0 	0	0	0

0.977029	0.644307	 0 	0	0	0

0.982226	0.644307	 0 	0	0	0

0.986915	0.644307	 0 	0	0	0

0.991143	0.644307	 0 	0	0	0

0.99495	0.644307	 0 	0	0	0

0.998377	0.644307	 0 	0	0	0

1.00162	0.644307	 0 	0	0	0

-0.00162282	0.69728	 0 	0	0	0

0.00162282	0.69728	 0 	0	0	0

0.0050496	0.69728	 0 	0	0	0

0.0088573	0.69728	 0 	0	0	0

0.0130848	0.69728	 0 	0	0	0

0.0177742	0.69728	 0 	0	0	0

0.0229708	0.69728	 0 	0	0	0

0.0287228	0.69728	 0 	0	0	0

0.0350821	0.69728	 0 	0	0	0

0.0421029	0.69728	 0 	0	0	0

0.0498427	0.69728	 0 	0	0	0

0.0583608	0.69728	 0 	0	0	0

0.0677186	0.69728	 0 	0	0	0

0.0779783	0.69728	 0 	0	0	0

0.089202	0.69728	 0 	0	0	0

0.101451	0.69728	 0 	0	0	0

0.114785	0.69728	 0 	0	0	0

0.129257	0.69728	 0 	0	0	0

0.144917	0.69728	 0 	0	0	0

0.161805	0.69728	 0 	0	0	0

0.179953	0.69728	 0 	0	0	0

0.19938	0.69728	 0 	0	0	0

0.220089	0.69728	 0 	0	0	0

0.242067	0.69728	 0 	0	0	0

0.265285	0.69728	 0 	0	0	0

0.289691	0.69728	 0 	0	0	0

0.315212	0.69728	 0 	0	0	0

0.341756	0.69728	 0 	0	0	0

0.369208	0.69728	 0 	0	0	0

0.397433	0.69728	 0 	0	0	0

0.42628	0.69728	 0 	0	0	0

0.455583	0.69728	 0 	0	0	0

0.485163	0.69728	 0 	0	0	0

0.514837	0.69728	 0 	0	0	0

0.544417	0.69728	 0 	0	0	0

0.57372	0.69728	 0 	0	0	0

0.602567	0.69728	 0 	0	0	0

0.630792	0.69728	 0 	0	0	0

0.658244	0.69728	 0 	0	0	0

0.684788	0.69728	 0 	0	0	0

0.710309	0.69728	 0 	0	0	0

0.734715	0.69728	 0 	0	0	0

0.757933	0.69728	 0 	0	0	0

0.779911	0.69728	 0 	0	0	0

0.80062	0.69728	 0 	0	0	0

0.820047	0.69728	 0 	0	0	0

0.838195	0.69728	 0 	0	0	0

0.855083	0.69728	 0 	0	0	0

0.870743	0.69728	 0 	0	0	0

0.885215	0.69728	 0 	0	0	0

0.898549	0.69728	 0 	0	0	0

0.910798	0.69728	 0 	0	0	0

0.922022	0.69728	 0 	0	0	0

0.932281	0.69728	 0 	0	0	0

0.941639	0.69728	 0 	0	0	0

0.950157	0.69728	 0 	0	0	0

0.957897	0.69728	 0 	0	0	0

0.964918	0.69728	 0 	0	0	0

0.971277	0.69728	 0 	0	0	0

0.977029	0.69728	 0 	0	0	0

0.982226	0.69728	 0 	0	0	0

0.986915	0.69728	 0 	0	0	0

0.991143	0.69728	 0 	0	0	0

0.99495	0.69728	 0 	0	0	0

0.998377	0.69728	 0 	0	0	0

1.00162	0.69728	 0 	0	0	0

-0.00162282	0.746019	 0 	0	0	0

0.00162282	0.746019	 0 	0	0	0

0.0050496	0.746019	 0 	0	0	0

0.0088573	0.746019	 0 	0	0	0

0.0130848	0.746019	 0 	0	0	0

0.0177742	0.746019	 0 	0	0	0

0.0229708	0.746019	 0 	0	0	0

0.0287228	0.746019	 0 	0	0	0

0.0350821	0.746019	 0 	0	0	0

0.0421029	0.746019	 0 	0	0	0

0.0498427	0.746019	 0 	0	0	0

0.0583608	0.746019	 0 	0	0	0

0.0677186	0.746019	 0 	0	0	0

0.0779783	0.746019	 0 	0	0	0

0.089202	0.746019	 0 	0	0	0

0.101451	0.746019	 0 	0	0	0

0.114785	0.746019	 0 	0	0	0

0.129257	0.746019	 0 	0	0	0

0.144917	0.746019	 0 	0	0	0

0.161805	0.746019	 0 	0	0	0

0.179953	0.746019	 0 	0	0	0

0.19938	0.746019	 0 	0	0	0

0.220089	0.746019	 0 	0	0	0

0.242067	0.746019	 0 	0	0	0

0.265285	0.746019	 0 	0	0	0

0.289691	0.746019	 0 	0	0	0

0.315212	0.746019	 0 	0	0	0

0.341756	0.746019	 0 	0	0	0

0.369208	0.746019	 0 	0	0	0

0.397433	0.746019	 0 	0	0	0

0.42628	0.746019	 0 	0	0	0

0.455583	0.746019	 0 	0	0	0

0.485163	0.746019	 0 	0	0	0

0.514837	0.746019	 0 	0	0	0

0.544417	0.746019	 0 	0	0	0

0.57372	0.746019	 0 	0	0	0

0.602567	0.746019	 0 	0	0	0

0.630792	0.746019	 0 	0	0	0

0.658244	0.746019	 0 	0	0	0

0.684788	0.746019	 0 	0	0	0

0.710309	0.746019	 0 	0	0	0

0.734715	0.746019	 0 	0	0	0

0.757933	0.746019	 0 	0	0	0

0.779911	0.746019	 0 	0	0	0

0.80062	0.746019	 0 	0	0	0

0.820047	0.746019	 0 	0	0	0

0.838195	0.746019	 0 	0	0	0

0.855083	0.746019	 0 	0	0	0

0.870743	0.746019	 0 	0	0	0

0.885215	0.746019	 0 	0	0	0

0.898549	0.746019	 0 	0	0	0

0.910798	0.746019	 0 	0	0	0

0.922022	0.746019	 0 	0	0	0

0.932281	0.746019	 0 	0	0	0

0.941639	0.746019	 0 	0	0	0

0.950157	0.746019	 0 	0	0	0

0.957897	0.746019	 0 	0	0	0

0.964918	0.746019	 0 	0	0	0

0.971277	0.746019	 0 	0	0	0

0.977029	0.746019	 0 	0	0	0

0.982226	0.746019	 0 	0	0	0

0.986915	0.746019	 0 	0	0	0

0.991143	0.746019	 0 	0	0	0

0.99495	0.746019	 0 	0	0	0

0.998377	0.746019	 0 	0	0	0

1.00162	0.746019	 0 	0	0	0

-0.00162282	0.789946	 0 	0	0	0

0.00162282	0.789946	 0 	0	0	0

0.0050496	0.789946	 0 	0	0	0

0.0088573	0.789946	 0 	0	0	0

0.0130848	0.789946	 0 	0	0	0

0.0177742	0.789946	 0 	0	0	0

0.0229708	0.789946	 0 	0	0	0

0.0287228	0.789946	 0 	0	0	0

0.0350821	0.789946	 0 	0	0	0

0.0421029	0.789946	 0 	0	0	0

0.0498427	0.789946	 0 	0	0	0

0.0583608	0.789946	 0 	0	0	0

0.0677186	0.789946	 0 	0	0	0

0.0779783	0.789946	 0 	0	0	0

0.089202	0.789946	 0 	0	0	0

0.101451	0.789946	 0 	0	0	0

0.114785	0.789946	 0 	0	0	0

0.129257	0.789946	 0 	0	0	0

0.144917	0.789946	 0 	0	0	0

0.161805	0.789946	 0 	0	0	0

0.179953	0.789946	 0 	0	0	0

0.19938	0.789946	 0 	0	0	0

0.220089	0.789946	 0 	0	0	0

0.242067	0.789946	 0 	0	0	0

0.265285	0.789946	 0 	0	0	0

0.289691	0.789946	 0 	0	0	0

0.315212	0.789946	 0 	0	0	0

0.341756	0.789946	 0 	0	0	0

0.369208	0.789946	 0 	0	0	0

0.397433	0.789946	 0 	0	0	0

0.42628	0.789946	 0 	0	0	0

0.455583	0.789946	 0 	0	0	0

0.485163	0.789946	 0 	0	0	0

0.514837	0.789946	 0 	0	0	0

0.544417	0.789946	 0 	0	0	0

0.57372	0.789946	 0 	0	0	0

0.602567	0.789946	 0 	0	0	0

0.630792	0.789946	 0 	0	0	0

0.658244	0.789946	 0 	0	0	0

0.684788	0.789946	 0 	0	0	0

0.710309	0.789946	 0 	0	0	0

0.734715	0.789946	 0 	0	0	0

0.757933	0.789946	 0 	0	0	0

0.779911	0.789946	 0 	0	0	0

0.80062	0.789946	 0 	0	0	0

0.820047	0.789946	 0 	0	0	0

0.838195	0.789946	 0 	0	0	0

0.855083	0.789946	 0 	0	0	0

0.870743	0.789946	 0 	0	0	0

0.885215	0.789946	 0 	0	0	0

0.898549	0.789946	 0 	0	0	0

0.910798	0.789946	 0 	0	0	0

0.922022	0.789946	 0 	0	0	0

0.932281	0.789946	 0 	0	0	0

0.941639	0.789946	 0 	0	0	0

0.950157	0.789946	 0 	0	0	0

0.957897	0.789946	 0 	0	0	0

0.964918	0.789946	 0 	0	0	0

0.971277	0.789946	 0 	0	0	0

0.977029	0.789946	 0 	0	0	0

0.982226	0.789946	 0 	0	0	0

0.986915	0.789946	 0 	0	0	0

0.991143	0.789946	 0 	0	0	0

0.99495	0.789946	 0 	0	0	0

0.998377	0.789946	 0 	0	0	0

1.00162	0.789946	 0 	0	0	0

-0.00162282	0.828803	 0 	0	0	0

0.00162282	0.828803	 0 	0	0	0

0.0050496	0.828803	 0 	0	0	0

0.0088573	0.828803	 0 	0	0	0

0.0130848	0.828803	 0 	0	0	0

0.0177742	0.828803	 0 	0	0	0

0.0229708	0.828803	 0 	0	0	0

0.0287228	0.828803	 0 	0	0	0

0.0350821	0.828803	 0 	0	0	0

0.0421029	0.828803	 0 	0	0	0

0.0498427	0.828803	 0 	0	0	0

0.0583608	0.828803	 0 	0	0	0

0.0677186	0.828803	 0 	0	0	0

0.0779783	0.828803	 0 	0	0	0

0.089202	0.828803	 0 	0	0	0

0.101451	0.828803	 0 	0	0	0

0.114785	0.828803	 0 	0	0	0

0.129257	0.828803	 0 	0	0	0

0.144917	0.828803	 0 	0	0	0

0.161805	0.828803	 0 	0	0	0

0.179953	0.828803	 0 	0	0	0

0.19938	0.828803	 0 	0	0	0

0.220089	0.828803	 0 	0	0	0

0.242067	0.828803	 0 	0	0	0

0.265285	0.828803	 0 	0	0	0

0.289691	0.828803	 0 	0	0	0

0.315212	0.828803	 0 	0	0	0

0.341756	0.828803	 0 	0	0	0

0.369208	0.828803	 0 	0	0	0

0.397433	0.828803	 0 	0	0	0

0.42628	0.828803	 0 	0	0	0

0.455583	0.828803	 0 	0	0	0

0.485163	0.828803	 0 	0	0	0

0.514837	0.828803	 0 	0	0	0

0.544417	0.828803	 0 	0	0	0

0.57372	0.828803	 0 	0	0	0

0.602567	0.828803	 0 	0	0	0

0.630792	0.828803	 0 	0	0	0

0.658244	0.828803	 0 	0	0	0

0.684788	0.828803	 0 	0	0	0

0.710309	0.828803	 0 	0	0	0

0.734715	0.828803	 0 	0	0	0

0.757933	0.828803	 0 	0	0	0

0.779911	0.828803	 0 	0	0	0

0.80062	0.828803	 0 	0	0	0

0.820047	0.828803	 0 	0	0	0

0.838195	0.828803	 0 	0	0	0

0.855083	0.828803	 0 	0	0	0

0.870743	0.828803	 0 	0	0	0

0.885215	0.828803	 0 	0	0	0

0.898549	0.828803	 0 	0	0	0

0.910798	0.828803	 0 	0	0	0

0.922022	0.828803	 0 	0	0	0

0.932281	0.828803	 0 	0	0	0

0.941639	0.828803	 0 	0	0	0

0.950157	0.828803	 0 	0	0	0

0.957897	0.828803	 0 	0	0	0

0.964918	0.828803	 0 	0	0	0

0.971277	0.828803	 0 	0	0	0

0.977029	0.828803	 0 	0	0	0

0.982226	0.828803	 0 	0	0	0

0.986915	0.828803	 0 	0	0	0

0.991143	0.828803	 0 	0	0	0

0.99495	0.828803	 0 	0	0	0

0.998377	0.828803	 0 	0	0	0

1.00162	0.828803	 0 	0	0	0

-0.00162282	0.862611	 0 	0	0	0

0.00162282	0.862611	 0 	0	0	0

0.0050496	0.862611	 0 	0	0	0

0.0088573	0.862611	 0 	0	0	0

0.0130848	0.862611	 0 	0	0	0

0.0177742	0.862611	 0 	0	0	0

0.0229708	0.862611	 0 	0	0	0

0.0287228	0.862611	 0 	0	0	0

0.0350821	0.862611	 0 	0	0	0

0.0421029	0.862611	 0 	0	0	0

0.0498427	0.862611	 0 	0	0	0

0.0583608	0.862611	 0 	0	0	0

0.0677186	0.862611	 0 	0	0	0

0.0779783	0.862611	 0 	0	0	0

0.089202	0.862611	 0 	0	0	0

0.101451	0.862611	 0 	0	0	0

0.114785	0.862611	 0 	0	0	0

0.129257	0.862611	 0 	0	0	0

0.144917	0.862611	 0 	0	0	0

0.161805	0.862611	 0 	0	0	0

0.179953	0.862611	 0 	0	0	0

0.19938	0.862611	 0 	0	0	0

0.220089	0.862611	 0 	0	0	0

0.242067	0.862611	 0 	0	0	0

0.265285	0.862611	 0 	0	0	0

0.289691	0.862611	 0 	0	0	0

0.315212	0.862611	 0 	0	0	0

0.341756	0.862611	 0 	0	0	0

0.369208	0.862611	 0 	0	0	0

0.397433	0.862611	 0 	0	0	0

0.42628	0.862611	 0 	0	0	0

0.455583	0.862611	 0 	0	0	0

0.485163	0.862611	 0 	0	0	0

0.514837	0.862611	 0 	0	0	0

0.544417	0.862611	 0 	0	0	0

0.57372	0.862611	 0 	0	0	0

0.602567	0.862611	 0 	0	0	0

0.630792	0.862611	 0 	0	0	0

0.658244	0.862611	 0 	0	0	0

0.684788	0.862611	 0 	0	0	0

0.710309	0.862611	 0 	0	0	0

0.734715	0.862611	 0 	0	0	0

0.757933	0.862611	 0 	0	0	0

0.779911	0.862611	 0 	0	0	0

0.80062	0.862611	 0 	0	0	0

0.820047	0.862611	 0 	0	0	0

0.838195	0.862611	 0 	0	0	0

0.855083	0.862611	 0 	0	0	0

0.870743	0.862611	 0 	0	0	0

0.885215	0.862611	 0 	0	0	0

0.898549	0.862611	 0 	0	0	0

0.910798	0.862611	 0 	0	0	0

0.922022	0.862611	 0 	0	0	0

0.932281	0.862611	 0 	0	0	0

0.941639	0.862611	 0 	0	0	0

0.950157	0.862611	 0 	0	0	0

0.957897	0.862611	 0 	0	0	0

0.964918	0.862611	 0 	0	0	0

0.971277	0.862611	 0 	0	0	0

0.977029	0.862611	 0 	0	0	0

0.982226	0.862611	 0 	0	0	0

0.986915	0.862611	 0 	0	0	0

0.991143	0.862611	 0 	0	0	0

0.99495	0.862611	 0 	0	0	0

0.998377	0.862611	 0 	0	0	0

1.00162	0.862611	 0 	0	0	0

-0.00162282	0.891604	 0 	0	0	0

0.00162282	0.891604	 0 	0	0	0

0.0050496	0.891604	 0 	0	0	0

0.0088573	0.891604	 0 	0	0	0

0.0130848	0.891604	 0 	0	0	0

0.0177742	0.891604	 0 	0	0	0

0.0229708	0.891604	 0 	0	0	0

0.0287228	0.891604	 0 	0	0	0

0.0350821	0.891604	 0 	0	0	0

0.0421029	0.891604	 0 	0	0	0

0.0498427	0.891604	 0 	0	0	0

0.0583608	0.891604	 0 	0	0	0

0.0677186	0.891604	 0 	0	0	0

0.0779783	0.891604	 0 	0	0	0

0.089202	0.891604	 0 	0	0	0

0.101451	0.891604	 0 	0	0	0

0.114785	0.891604	 0 	0	0	0

0.129257	0.891604	 0 	0	0	0

0.144917	0.891604	 0 	0	0	0

0.161805	0.891604	 0 	0	0	0

0.179953	0.891604	 0 	0	0	0

0.19938	0.891604	 0 	0	0	0

0.220089	0.891604	 0 	0	0	0

0.242067	0.891604	 0 	0	0	0

0.265285	0.891604	 0 	0	0	0

0.289691	0.891604	 0 	0	0	0

0.315212	0.891604	 0 	0	0	0

0.341756	0.891604	 0 	0	0	0

0.369208	0.891604	 0 	0	0	0

0.397433	0.891604	 0 	0	0	0

0.42628	0.891604	 0 	0	0	0

0.455583	0.891604	 0 	0	0	0

0.485163	0.891604	 0 	0	0	0

0.514837	0.891604	 0 	0	0	0

0.544417	0.891604	 0 	0	0	0

0.57372	0.891604	 0 	0	0	0

0.602567	0.891604	 0 	0	0	0

0.630792	0.891604	 0 	0	0	0

0.658244	0.891604	 0 	0	0	0

0.684788	0.891604	 0 	0	0	0

0.710309	0.891604	 0 	0	0	0

0.734715	0.891604	 0 	0	0	0

0.757933	0.891604	 0 	0	0	0

0.779911	0.891604	 0 	0	0	0

0.80062	0.891604	 0 	0	0	0

0.820047	0.891604	 0 	0	0	0

0.838195	0.891604	 0 	0	0	0

0.855083	0.891604	 0 	0	0	0

0.870743	0.891604	 0 	0	0	0

0.885215	0.891604	 0 	0	0	0

0.898549	0.891604	 0 	0	0	0

0.910798	0.891604	 0 	0	0	0

0.922022	0.891604	 0 	0	0	0

0.932281	0.891604	 0 	0	0	0

0.941639	0.891604	 0 	0	0	0

0.950157	0.891604	 0 	0	0	0

0.957897	0.891604	 0 	0	0	0

0.964918	0.891604	 0 	0	0	0

0.971277	0.891604	 0 	0	0	0

0.977029	0.891604	 0 	0	0	0

0.982226	0.891604	 0 	0	0	0

0.986915	0.891604	 0 	0	0	0

0.991143	0.891604	 0 	0	0	0

0.99495	0.891604	 0 	0	0	0

0.998377	0.891604	 0 	0	0	0

1.00162	0.891604	 0 	0	0	0

-0.00162282	0.916161	 0 	0	0	0

0.00162282	0.916161	 0 	0	0	0

0.0050496	0.916161	 0 	0	0	0

0.0088573	0.916161	 0 	0	0	0

0.0130848	0.916161	 0 	0	0	0

0.0177742	0.916161	 0 	0	0	0

0.0229708	0.916161	 0 	0	0	0

0.0287228	0.916161	 0 	0	0	0

0.0350821	0.916161	 0 	0	0	0

0.0421029	0.916161	 0 	0	0	0

0.0498427	0.916161	 0 	0	0	0

0.0583608	0.916161	 0 	0	0	0

0.0677186	0.916161	 0 	0	0	0

0.0779783	0.916161	 0 	0	0	0

0.089202	0.916161	 0 	0	0	0

0.101451	0.916161	 0 	0	0	0

0.114785	0.916161	 0 	0	0	0

0.129257	0.916161	 0 	0	0	0

0.144917	0.916161	 0 	0	0	0

0.161805	0.916161	 0 	0	0	0

0.179953	0.916161	 0 	0	0	0

0.19938	0.916161	 0 	0	0	0

0.220089	0.916161	 0 	0	0	0

0.242067	0.916161	 0 	0	0	0

0.265285	0.916161	 0 	0	0	0

0.289691	0.916161	 0 	0	0	0

0.315212	0.916161	 0 	0	0	0

0.341756	0.916161	 0 	0	0	0

0.369208	0.916161	 0 	0	0	0

0.397433	0.916161	 0 	0	0	0

0.42628	0.916161	 0 	0	0	0

0.455583	0.916161	 0 	0	0	0

0.485163	0.916161	 0 	0	0	0

0.514837	0.916161	 0 	0	0	0

0.544417	0.916161	 0 	0	0	0

0.57372	0.916161	 0 	0	0	0

0.602567	0.916161	 0 	0	0	0

0.630792	0.916161	 0 	0	0	0

0.658244	0.916161	 0 	0	0	0

0.684788	0.916161	 0 	0	0	0

0.710309	0.916161	 0 	0	0	0

0.734715	0.916161	 0 	0	0	0

0.757933	0.916161	 0 	0	0	0

0.779911	0.916161	 0 	0	0	0

0.80062	0.916161	 0 	0	0	0

0.820047	0.916161	 0 	0	0	0

0.838195	0.916161	 0 	0	0	0

0.855083	0.916161	 0 	0	0	0

0.870743	0.916161	 0 	0	0	0

0.885215	0.916161	 0 	0	0	0

0.898549	0.916161	 0 	0	0	0

0.910798	0.916161	 0 	0	0	0

0.922022	0.916161	 0 	0	0	0

0.932281	0.916161	 0 	0	0	0

0.941639	0.916161	 0 	0	0	0

0.950157	0.916161	 0 	0	0	0

0.957897	0.916161	 0 	0	0	0

0.964918	0.916161	 0 	0	0	0

0.971277	0.916161	 0 	0	0	0

0.977029	0.916161	 0 	0	0	0

0.982226	0.916161	 0 	0	0	0

0.986915	0.916161	 0 	0	0	0

0.991143	0.916161	 0 	0	0	0

0.99495	0.916161	 0 	0	0	0

0.998377	0.916161	 0 	0	0	0

1.00162	0.916161	 0 	0	0	0

-0.00162282	0.936743	 0 	0	0	0

0.00162282	0.936743	 0 	0	0	0

0.0050496	0.936743	 0 	0	0	0

0.0088573	0.936743	 0 	0	0	0

0.0130848	0.936743	 0 	0	0	0

0.0177742	0.936743	 0 	0	0	0

0.0229708	0.936743	 0 	0	0	0

0.0287228	0.936743	 0 	0	0	0

0.0350821	0.936743	 0 	0	0	0

0.0421029	0.936743	 0 	0	0	0

0.0498427	0.936743	 0 	0	0	0

0.0583608	0.936743	 0 	0	0	0

0.0677186	0.936743	 0 	0	0	0

0.0779783	0.936743	 0 	0	0	0

0.089202	0.936743	 0 	0	0	0

0.101451	0.936743	 0 	0	0	0

0.114785	0.936743	 0 	0	0	0

0.129257	0.936743	 0 	0	0	0

0.144917	0.936743	 0 	0	0	0

0.161805	0.936743	 0 	0	0	0

0.179953	0.936743	 0 	0	0	0

0.19938	0.936743	 0 	0	0	0

0.220089	0.936743	 0 	0	0	0

0.242067	0.936743	 0 	0	0	0

0.265285	0.936743	 0 	0	0	0

0.289691	0.936743	 0 	0	0	0

0.315212	0.936743	 0 	0	0	0

0.341756	0.936743	 0 	0	0	0

0.369208	0.936743	 0 	0	0	0

0.397433	0.936743	 0 	0	0	0

0.42628	0.936743	 0 	0	0	0

0.455583	0.936743	 0 	0	0	0

0.485163	0.936743	 0 	0	0	0

0.514837	0.936743	 0 	0	0	0

0.544417	0.936743	 0 	0	0	0

0.57372	0.936743	 0 	0	0	0

0.602567	0.936743	 0 	0	0	0

0.630792	0.936743	 0 	0	0	0

0.658244	0.936743	 0 	0	0	0

0.684788	0.936743	 0 	0	0	0

0.710309	0.936743	 0 	0	0	0

0.734715	0.936743	 0 	0	0	0

0.757933	0.936743	 0 	0	0	0

0.779911	0.936743	 0 	0	0	0

0.80062	0.936743	 0 	0	0	0

0.820047	0.936743	 0 	0	0	0

0.838195	0.936743	 0 	0	0	0

0.855083	0.936743	 0 	0	0	0

0.870743	0.936743	 0 	0	0	0

0.885215	0.936743	 0 	0	0	0

0.898549	0.936743	 0 	0	0	0

0.910798	0.936743	 0 	0	0	0

0.922022	0.936743	 0 	0	0	0

0.932281	0.936743	 0 	0	0	0

0.941639	0.936743	 0 	0	0	0

0.950157	0.936743	 0 	0	0	0

0.957897	0.936743	 0 	0	0	0

0.964918	0.936743	 0 	0	0	0

0.971277	0.936743	 0 	0	0	0

0.977029	0.936743	 0 	0	0	0

0.982226	0.936743	 0 	0	0	0

0.986915	0.936743	 0 	0	0	0

0.991143	0.936743	 0 	0	0	0

0.99495	0.936743	 0 	0	0	0

0.998377	0.936743	 0 	0	0	0

1.00162	0.936743	 0 	0	0	0

-0.00162282	0.95384	 0 	0	0	0

0.00162282	0.95384	 0 	0	0	0

0.0050496	0.95384	 0 	0	0	0

0.0088573	0.95384	 0 	0	0	0

0.0130848	0.95384	 0 	0	0	0

0.0177742	0.95384	 0 	0	0	0

0.0229708	0.95384	 0 	0	0	0

0.0287228	0.95384	 0 	0	0	0

0.0350821	0.95384	 0 	0	0	0

0.0421029	0.95384	 0 	0	0	0

0.0498427	0.95384	 0 	0	0	0

0.0583608	0.95384	 0 	0	0	0

0.0677186	0.95384	 0 	0	0	0

0.0779783	0.95384	 0 	0	0	0

0.089202	0.95384	 0 	0	0	0

0.101451	0.95384	 0 	0	0	0

0.114785	0.95384	 0 	0	0	0

0.129257	0.95384	 0 	0	0	0

0.144917	0.95384	 0 	0	0	0

0.161805	0.95384	 0 	0	0	0

0.179953	0.95384	 0 	0	0	0

0.19938	0.95384	 0 	0	0	0

0.220089	0.95384	 0 	0	0	0

0.242067	0.95384	 0 	0	0	0

0.265285	0.95384	 0 	0	0	0

0.289691	0.95384	 0 	0	0	0

0.315212	0.95384	 0 	0	0	0

0.341756	0.95384	 0 	0	0	0

0.369208	0.95384	 0 	0	0	0

0.397433	0.95384	 0 	0	0	0

0.42628	0.95384	 0 	0	0	0

0.455583	0.95384	 0 	0	0	0

0.485163	0.95384	 0 	0	0	0

0.514837	0.95384	 0 	0	0	0

0.544417	0.95384	 0 	0	0	0

0.57372	0.95384	 0 	0	0	0

0.602567	0.95384	 0 	0	0	0

0.630792	0.95384	 0 	0	0	0

0.658244	0.95384	 0 	0	0	0

0.684788	0.95384	 0 	0	0	0

0.710309	0.95384	 0 	0	0	0

0.734715	0.95384	 0 	0	0	0

0.757933	0.95384	 0 	0	0	0

0.779911	0.95384	 0 	0	0	0

0.80062	0.95384	 0 	0	0	0

0.820047	0.95384	 0 	0	0	0

0.838195	0.95384	 0 	0	0	0

0.855083	0.95384	 0 	0	0	0

0.870743	0.95384	 0 	0	0	0

0.885215	0.95384	 0 	0	0	0

0.898549	0.95384	 0 	0	0	0

0.910798	0.95384	 0 	0	0	0

0.922022	0.95384	 0 	0	0	0

0.932281	0.95384	 0 	0	0	0

0.941639	0.95384	 0 	0	0	0

0.950157	0.95384	 0 	0	0	0

0.957897	0.95384	 0 	0	0	0

0.964918	0.95384	 0 	0	0	0

0.971277	0.95384	 0 	0	0	0

0.977029	0.95384	 0 	0	0	0

0.982226	0.95384	 0 	0	0	0

0.986915	0.95384	 0 	0	0	0

0.991143	0.95384	 0 	0	0	0

0.99495	0.95384	 0 	0	0	0

0.998377	0.95384	 0 	0	0	0

1.00162	0.95384	 0 	0	0	0

-0.00162282	0.967939	 0 	0	0	0

0.00162282	0.967939	 0 	0	0	0

0.0050496	0.967939	 0 	0	0	0

0.0088573	0.967939	 0 	0	0	0

0.0130848	0.967939	 0 	0	0	0

0.0177742	0.967939	 0 	0	0	0

0.0229708	0.967939	 0 	0	0	0

0.0287228	0.967939	 0 	0	0	0

0.0350821	0.967939	 0 	0	0	0

0.0421029	0.967939	 0 	0	0	0

0.0498427	0.967939	 0 	0	0	0

0.0583608	0.967939	 0 	0	0	0

0.0677186	0.967939	 0 	0	0	0

0.0779783	0.967939	 0 	0	0	0

0.089202	0.967939	 0 	0	0	0

0.101451	0.967939	 0 	0	0	0

0.114785	0.967939	 0 	0	0	0

0.129257	0.967939	 0 	0	0	0

0.144917	0.967939	 0 	0	0	0

0.161805	0.967939	 0 	0	0	0

0.179953	0.967939	 0 	0	0	0

0.19938	0.967939	 0 	0	0	0

0.220089	0.967939	 0 	0	0	0

0.242067	0.967939	 0 	0	0	0

0.265285	0.967939	 0 	0	0	0

0.289691	0.967939	 0 	0	0	0

0.315212	0.967939	 0 	0	0	0

0.341756	0.967939	 0 	0	0	0

0.369208	0.967939	 0 	0	0	0

0.397433	0.967939	 0 	0	0	0

0.42628	0.967939	 0 	0	0	0

0.455583	0.967939	 0 	0	0	0

0.485163	0.967939	 0 	0	0	0

0.514837	0.967939	 0 	0	0	0

0.544417	0.967939	 0 	0	0	0

0.57372	0.967939	 0 	0	0	0

0.602567	0.967939	 0 	0	0	0

0.630792	0.967939	 0 	0	0	0

0.658244	0.967939	 0 	0	0	0

0.684788	0.967939	 0 	0	0	0

0.710309	0.967939	 0 	0	0	0

0.734715	0.967939	 0 	0	0	0

0.757933	0.967939	 0 	0	0	0

0.779911	0.967939	 0 	0	0	0

0.80062	0.967939	 0 	0	0	0

0.820047	0.967939	 0 	0	0	0

0.838195	0.967939	 0 	0	0	0

0.855083	0.967939	 0 	0	0	0

0.870743	0.967939	 0 	0	0	0

0.885215	0.967939	 0 	0	0	0

0.898549	0.967939	 0 	0	0	0

0.910798	0.967939	 0 	0	0	0

0.922022	0.967939	 0 	0	0	0

0.932281	0.967939	 0 	0	0	0

0.941639	0.967939	 0 	0	0	0

0.950157	0.967939	 0 	0	0	0

0.957897	0.967939	 0 	0	0	0

0.964918	0.967939	 0 	0	0	0

0.971277	0.967939	 0 	0	0	0

0.977029	0.967939	 0 	0	0	0

0.982226	0.967939	 0 	0	0	0

0.986915	0.967939	 0 	0	0	0

0.991143	0.967939	 0 	0	0	0

0.99495	0.967939	 0 	0	0	0

0.998377	0.967939	 0 	0	0	0

1.00162	0.967939	 0 	0	0	0

-0.00162282	0.979495	 0 	0	0	0

0.00162282	0.979495	 0 	0	0	0

0.0050496	0.979495	 0 	0	0	0

0.0088573	0.979495	 0 	0	0	0

0.0130848	0.979495	 0 	0	0	0

0.0177742	0.979495	 0 	0	0	0

0.0229708	0.979495	 0 	0	0	0

0.0287228	0.979495	 0 	0	0	0

0.0350821	0.979495	 0 	0	0	0

0.0421029	0.979495	 0 	0	0	0

0.0498427	0.979495	 0 	0	0	0

0.0583608	0.979495	 0 	0	0	0

0.0677186	0.979495	 0 	0	0	0

0.0779783	0.979495	 0 	0	0	0

0.089202	0.979495	 0 	0	0	0

0.101451	0.979495	 0 	0	0	0

0.114785	0.979495	 0 	0	0	0

0.129257	0.979495	 0 	0	0	0

0.144917	0.979495	 0 	0	0	0

0.161805	0.979495	 0 	0	0	0

0.179953	0.979495	 0 	0	0	0

0.19938	0.979495	 0 	0	0	0

0.220089	0.979495	 0 	0	0	0

0.242067	0.979495	 0 	0	0	0

0.265285	0.979495	 0 	0	0	0

0.289691	0.979495	 0 	0	0	0

0.315212	0.979495	 0 	0	0	0

0.341756	0.979495	 0 	0	0	0

0.369208	0.979495	 0 	0	0	0

0.397433	0.979495	 0 	0	0	0

0.42628	0.979495	 0 	0	0	0

0.455583	0.979495	 0 	0	0	0

0.485163	0.979495	 0 	0	0	0

0.514837	0.979495	 0 	0	0	0

0.544417	0.979495	 0 	0	0	0

0.57372	0.979495	 0 	0	0	0

0.602567	0.979495	 0 	0	0	0

0.630792	0.979495	 0 	0	0	0

0.658244	0.979495	 0 	0	0	0

0.684788	0.979495	 0 	0	0	0

0.710309	0.979495	 0 	0	0	0

0.734715	0.979495	 0 	0	0	0

0.757933	0.979495	 0 	0	0	0

0.779911	0.979495	 0 	0	0	0

0.80062	0.979495	 0 	0	0	0

0.820047	0.979495	 0 	0	0	0

0.838195	0.979495	 0 	0	0	0

0.855083	0.979495	 0 	0	0	0

0.870743	0.979495	 0 	0	0	0

0.885215	0.979495	 0 	0	0	0

0.898549	0.979495	 0 	0	0	0

0.910798	0.979495	 0 	0	0	0

0.922022	0.979495	 0 	0	0	0

0.932281	0.979495	 0 	0	0	0

0.941639	0.979495	 0 	0	0	0

0.950157	0.979495	 0 	0	0	0

0.957897	0.979495	 0 	0	0	0

0.964918	0.979495	 0 	0	0	0

0.971277	0.979495	 0 	0	0	0

0.977029	0.979495	 0 	0	0	0

0.982226	0.979495	 0 	0	0	0

0.986915	0.979495	 0 	0	0	0

0.991143	0.979495	 0 	0	0	0

0.99495	0.979495	 0 	0	0	0

0.998377	0.979495	 0 	0	0	0

1.00162	0.979495	 0 	0	0	0

-0.00162282	0.988919	 0 	0	0	0

0.00162282	0.988919	 0 	0	0	0

0.0050496	0.988919	 0 	0	0	0

0.0088573	0.988919	 0 	0	0	0

0.0130848	0.988919	 0 	0	0	0

0.0177742	0.988919	 0 	0	0	0

0.0229708	0.988919	 0 	0	0	0

0.0287228	0.988919	 0 	0	0	0

0.0350821	0.988919	 0 	0	0	0

0.0421029	0.988919	 0 	0	0	0

0.0498427	0.988919	 0 	0	0	0

0.0583608	0.988919	 0 	0	0	0

0.0677186	0.988919	 0 	0	0	0

0.0779783	0.988919	 0 	0	0	0

0.089202	0.988919	 0 	0	0	0

0.101451	0.988919	 0 	0	0	0

0.114785	0.988919	 0 	0	0	0

0.129257	0.988919	 0 	0	0	0

0.144917	0.988919	 0 	0	0	0

0.161805	0.988919	 0 	0	0	0

0.179953	0.988919	 0 	0	0	0

0.19938	0.988919	 0 	0	0	0

0.220089	0.988919	 0 	0	0	0

0.242067	0.988919	 0 	0	0	0

0.265285	0.988919	 0 	0	0	0

0.289691	0.988919	 0 	0	0	0

0.315212	0.988919	 0 	0	0	0

0.341756	0.988919	 0 	0	0	0

0.369208	0.988919	 0 	0	0	0

0.397433	0.988919	 0 	0	0	0

0.42628	0.988919	 0 	0	0	0

0.455583	0.988919	 0 	0	0	0

0.485163	0.988919	 0 	0	0	0

0.514837	0.988919	 0 	0	0	0

0.544417	0.988919	 0 	0	0	0

0.57372	0.988919	 0 	0	0	0

0.602567	0.988919	 0 	0	0	0

0.630792	0.988919	 0 	0	0	0

0.658244	0.988919	 0 	0	0	0

0.684788	0.988919	 0 	0	0	0

0.710309	0.988919	 0 	0	0	0

0.734715	0.988919	 0 	0	0	0

0.757933	0.988919	 0 	0	0	0

0.779911	0.988919	 0 	0	0	0

0.80062	0.988919	 0 	0	0	0

0.820047	0.988919	 0 	0	0	0

0.838195	0.988919	 0 	0	0	0

0.855083	0.988919	 0 	0	0	0

0.870743	0.988919	 0 	0	0	0

0.885215	0.988919	 0 	0	0	0

0.898549	0.988919	 0 	0	0	0

0.910798	0.988919	 0 	0	0	0

0.922022	0.988919	 0 	0	0	0

0.932281	0.988919	 0 	0	0	0

0.941639	0.988919	 0 	0	0	0

0.950157	0.988919	 0 	0	0	0

0.957897	0.988919	 0 	0	0	0

0.964918	0.988919	 0 	0	0	0

0.971277	0.988919	 0 	0	0	0

0.977029	0.988919	 0 	0	0	0

0.982226	0.988919	 0 	0	0	0

0.986915	0.988919	 0 	0	0	0

0.991143	0.988919	 0 	0	0	0

0.99495	0.988919	 0 	0	0	0

0.998377	0.988919	 0 	0	0	0

1.00162	0.988919	 0 	0	0	0

-0.00162282	0.996573	 0 	0	0	0

0.00162282	0.996573	 0 	0	0	0

0.0050496	0.996573	 0 	0	0	0

0.0088573	0.996573	 0 	0	0	0

0.0130848	0.996573	 0 	0	0	0

0.0177742	0.996573	 0 	0	0	0

0.0229708	0.996573	 0 	0	0	0

0.0287228	0.996573	 0 	0	0	0

0.0350821	0.996573	 0 	0	0	0

0.0421029	0.996573	 0 	0	0	0

0.0498427	0.996573	 0 	0	0	0

0.0583608	0.996573	 0 	0	0	0

0.0677186	0.996573	 0 	0	0	0

0.0779783	0.996573	 0 	0	0	0

0.089202	0.996573	 0 	0	0	0

0.101451	0.996573	 0 	0	0	0

0.114785	0.996573	 0 	0	0	0

0.129257	0.996573	 0 	0	0	0

0.144917	0.996573	 0 	0	0	0

0.161805	0.996573	 0 	0	0	0

0.179953	0.996573	 0 	0	0	0

0.19938	0.996573	 0 	0	0	0

0.220089	0.996573	 0 	0	0	0

0.242067	0.996573	 0 	0	0	0

0.265285	0.996573	 0 	0	0	0

0.289691	0.996573	 0 	0	0	0

0.315212	0.996573	 0 	0	0	0

0.341756	0.996573	 0 	0	0	0

0.369208	0.996573	 0 	0	0	0

0.397433	0.996573	 0 	0	0	0

0.42628	0.996573	 0 	0	0	0

0.455583	0.996573	 0 	0	0	0

0.485163	0.996573	 0 	0	0	0

0.514837	0.996573	 0 	0	0	0

0.544417	0.996573	 0 	0	0	0

0.57372	0.996573	 0 	0	0	0

0.602567	0.996573	 0 	0	0	0

0.630792	0.996573	 0 	0	0	0

0.658244	0.996573	 0 	0	0	0

0.684788	0.996573	 0 	0	0	0

0.710309	0.996573	 0 	0	0	0

0.734715	0.996573	 0 	0	0	0

0.757933	0.996573	 0 	0	0	0

0.779911	0.996573	 0 	0	0	0

0.80062	0.996573	 0 	0	0	0

0.820047	0.996573	 0 	0	0	0

0.838195	0.996573	 0 	0	0	0

0.855083	0.996573	 0 	0	0	0

0.870743	0.996573	 0 	0	0	0

0.885215	0.996573	 0 	0	0	0

0.898549	0.996573	 0 	0	0	0

0.910798	0.996573	 0 	0	0	0

0.922022	0.996573	 0 	0	0	0

0.932281	0.996573	 0 	0	0	0

0.941639	0.996573	 0 	0	0	0

0.950157	0.996573	 0 	0	0	0

0.957897	0.996573	 0 	0	0	0

0.964918	0.996573	 0 	0	0	0

0.971277	0.996573	 0 	0	0	0

0.977029	0.996573	 0 	0	0	0

0.982226	0.996573	 0 	0	0	0

0.986915	0.996573	 0 	0	0	0

0.991143	0.996573	 0 	0	0	0

0.99495	0.996573	 0 	0	0	0

0.998377	0.996573	 0 	0	0	0

1.00162	0.996573	 0 	0	0	0

-0.00162282	1.00343	 0 	2	0	0

0.00162282	1.00343	 0 	2	0	0

0.0050496	1.00343	 0 	2	0	0

0.0088573	1.00343	 0 	2	0	0

0.0130848	1.00343	 0 	2	0	0

0.0177742	1.00343	 0 	2	0	0

0.0229708	1.00343	 0 	2	0	0

0.0287228	1.00343	 0 	2	0	0

0.0350821	1.00343	 0 	2	0	0

0.0421029	1.00343	 0 	2	0	0

0.0498427	1.00343	 0 	2	0	0

0.0583608	1.00343	 0 	2	0	0

0.0677186	1.00343	 0 	2	0	0

0.0779783	1.00343	 0 	2	0	0

0.089202	1.00343	 0 	2	0	0

0.101451	1.00343	 0 	2	0	0

0.114785	1.00343	 0 	2	0	0

0.129257	1.00343	 0 	2	0	0

0.144917	1.00343	 0 	2	0	0

0.161805	1.00343	 0 	2	0	0

0.179953	1.00343	 0 	2	0	0

0.19938	1.00343	 0 	2	0	0

0.220089	1.00343	 0 	2	0	0

0.242067	1.00343	 0 	2	0	0

0.265285	1.00343	 0 	2	0	0

0.289691	1.00343	 0 	2	0	0

0.315212	1.00343	 0 	2	0	0

0.341756	1.00343	 0 	2	0	0

0.369208	1.00343	 0 	2	0	0

0.397433	1.00343	 0 	2	0	0

0.42628	1.00343	 0 	2	0	0

0.455583	1.00343	 0 	2	0	0

0.485163	1.00343	 0 	2	0	0

0.514837	1.00343	 0 	2	0	0

0.544417	1.00343	 0 	2	0	0

0.57372	1.00343	 0 	2	0	0

0.602567	1.00343	 0 	2	0	0

0.630792	1.00343	 0 	2	0	0

0.658244	1.00343	 0 	2	0	0

0.684788	1.00343	 0 	2	0	0

0.710309	1.00343	 0 	2	0	0

0.734715	1.00343	 0 	2	0	0

0.757933	1.00343	 0 	2	0	0

0.779911	1.00343	 0 	2	0	0

0.80062	1.00343	 0 	2	0	0

0.820047	1.00343	 0 	2	0	0

0.838195	1.00343	 0 	2	0	0

0.855083	1.00343	 0 	2	0	0

0.870743	1.00343	 0 	2	0	0

0.885215	1.00343	 0 	2	0	0

0.898549	1.00343	 0 	2	0	0

0.910798	1.00343	 0 	2	0	0

0.922022	1.00343	 0 	2	0	0

0.932281	1.00343	 0 	2	0	0

0.941639	1.00343	 0 	2	0	0

0.950157	1.00343	 0 	2	0	0

0.957897	1.00343	 0 	2	0	0

0.964918	1.00343	 0 	2	0	0

0.971277	1.00343	 0 	2	0	0

0.977029	1.00343	 0 	2	0	0

0.982226	1.00343	 0 	2	0	0

0.986915	1.00343	 0 	2	0	0

0.991143	1.00343	 0 	2	0	0

0.99495	1.00343	 0 	2	0	0

0.998377	1.00343	 0 	2	0	0

1.00162	1.00343	 0 	2	0	0

