Title = "F2d" 

VARIABLES = "x" "y" "z" "u" "v" "p" 

ZONE I=34 J=34 K=1, F=POINT 

-0.00342678	-0.00342678	 0 	2.63892e-06	-2.63712e-06	-0.0197044

0.00342678	-0.00342678	 0 	-2.63892e-06	2.63712e-06	-0.0197044

0.0110811	-0.00342678	 0 	-8.1268e-06	6.64994e-06	-0.0197029

0.0205051	-0.00342678	 0 	-1.52641e-05	8.50191e-06	-0.0197179

0.0320609	-0.00342678	 0 	-2.32396e-05	6.88944e-06	-0.0197748

0.0461598	-0.00342678	 0 	-2.65731e-05	1.46441e-06	-0.0198998

0.0632574	-0.00342678	 0 	-1.53697e-05	-7.21988e-06	-0.0201143

0.083839	-0.00342678	 0 	2.39689e-05	-1.80643e-05	-0.0204262

0.108396	-0.00342678	 0 	0.000107218	-2.96914e-05	-0.0208219

0.137389	-0.00342678	 0 	0.00024953	-4.06482e-05	-0.0212596

0.171197	-0.00342678	 0 	0.000461614	-4.96293e-05	-0.0216676

0.210054	-0.00342678	 0 	0.000745914	-5.56858e-05	-0.0219512

0.253981	-0.00342678	 0 	0.00109396	-5.82615e-05	-0.0220034

0.30272	-0.00342678	 0 	0.00148491	-5.69142e-05	-0.0217143

0.355693	-0.00342678	 0 	0.00188377	-5.08607e-05	-0.020978

0.411992	-0.00342678	 0 	0.00223866	-3.88419e-05	-0.0197122

0.47042	-0.00342678	 0 	0.0024821	-1.9833e-05	-0.0179122

0.52958	-0.00342678	 0 	0.0025453	5.46155e-06	-0.0157285

0.588008	-0.00342678	 0 	0.00238789	3.33416e-05	-0.0134996

0.644307	-0.00342678	 0 	0.00202767	5.76025e-05	-0.0116596

0.69728	-0.00342678	 0 	0.00154351	7.2271e-05	-0.0105386

0.746019	-0.00342678	 0 	0.00104169	7.4734e-05	-0.0102062

0.789946	-0.00342678	 0 	0.000609711	6.65819e-05	-0.0104878

0.828803	-0.00342678	 0 	0.000291019	5.18446e-05	-0.0111064

0.862611	-0.00342678	 0 	8.81667e-05	3.47087e-05	-0.0118142

0.891604	-0.00342678	 0 	-2.0106e-05	1.8303e-05	-0.0124508

0.916161	-0.00342678	 0 	-6.27493e-05	4.55278e-06	-0.0129414

0.936743	-0.00342678	 0 	-6.66289e-05	-5.50147e-06	-0.0132723

0.95384	-0.00342678	 0 	-5.2417e-05	-1.13842e-05	-0.0134643

0.967939	-0.00342678	 0 	-3.38496e-05	-1.30647e-05	-0.0135536

0.979495	-0.00342678	 0 	-1.84716e-05	-1.1094e-05	-0.013579

0.988919	-0.00342678	 0 	-8.61241e-06	-6.85244e-06	-0.0135744

0.996573	-0.00342678	 0 	-2.35507e-06	-2.35546e-06	-0.0135656

1.00343	-0.00342678	 0 	2.35507e-06	2.35546e-06	-0.0135656

-0.00342678	0.00342678	 0 	-2.63892e-06	2.63712e-06	-0.0197044

0.00342678	0.00342678	 0 	2.11099e-06	-2.11002e-06	-0.0197044

0.0110811	0.00342678	 0 	1.20813e-05	-6.1254e-06	-0.0197029

0.0205051	0.00342678	 0 	3.24012e-05	-8.04374e-06	-0.0197179

0.0320609	0.00342678	 0 	5.86936e-05	-7.38941e-06	-0.0197748

0.0461598	0.00342678	 0 	8.098e-05	-4.66666e-06	-0.0198998

0.0632574	0.00342678	 0 	8.52114e-05	-6.8077e-07	-0.0201143

0.083839	0.00342678	 0 	5.44182e-05	3.82699e-06	-0.0204262

0.108396	0.00342678	 0 	-2.9403e-05	8.23863e-06	-0.0208219

0.137389	0.00342678	 0 	-0.000182201	1.20632e-05	-0.0212596

0.171197	0.00342678	 0 	-0.000414023	1.49637e-05	-0.0216676

0.210054	0.00342678	 0 	-0.000725632	1.67904e-05	-0.0219512

0.253981	0.00342678	 0 	-0.00110674	1.75508e-05	-0.0220034

0.30272	0.00342678	 0 	-0.00153532	1.72582e-05	-0.0217143

0.355693	0.00342678	 0 	-0.00197538	1.57161e-05	-0.020978

0.411992	0.00342678	 0 	-0.00237227	1.24315e-05	-0.0197122

0.47042	0.00342678	 0 	-0.00265149	6.85739e-06	-0.0179122

0.52958	0.00342678	 0 	-0.00273293	-1.02841e-06	-0.0157285

0.588008	0.00342678	 0 	-0.00256522	-1.01432e-05	-0.0134996

0.644307	0.00342678	 0 	-0.00216316	-1.83282e-05	-0.0116596

0.69728	0.00342678	 0 	-0.00161496	-2.33241e-05	-0.0105386

0.746019	0.00342678	 0 	-0.00104442	-2.4054e-05	-0.0102062

0.789946	0.00342678	 0 	-0.000555341	-2.10324e-05	-0.0104878

0.828803	0.00342678	 0 	-0.000199754	-1.56787e-05	-0.0111064

0.862611	0.00342678	 0 	1.88711e-05	-9.43342e-06	-0.0118142

0.891604	0.00342678	 0 	0.000125357	-3.33612e-06	-0.0124508

0.916161	0.00342678	 0 	0.000153745	1.97495e-06	-0.0129414

0.936743	0.00342678	 0 	0.000136009	6.08691e-06	-0.0132723

0.95384	0.00342678	 0 	9.75041e-05	8.64151e-06	-0.0134643

0.967939	0.00342678	 0 	5.62026e-05	9.24816e-06	-0.0135536

0.979495	0.00342678	 0 	2.34449e-05	7.57246e-06	-0.013579

0.988919	0.00342678	 0 	4.69684e-06	3.8027e-06	-0.0135744

0.996573	0.00342678	 0 	-7.01395e-07	-7.00086e-07	-0.0135656

1.00343	0.00342678	 0 	-2.35507e-06	-2.35546e-06	-0.0135656

-0.00342678	0.0110811	 0 	-6.66492e-06	8.1259e-06	-0.019706

0.00342678	0.0110811	 0 	6.13443e-06	-1.20846e-05	-0.019706

0.0110811	0.0110811	 0 	2.54926e-05	-2.54651e-05	-0.0197044

0.0205051	0.0110811	 0 	5.7605e-05	-3.09683e-05	-0.0197193

0.0320609	0.0110811	 0 	9.45449e-05	-2.5908e-05	-0.0197734

0.0461598	0.0110811	 0 	0.000115696	-1.05004e-05	-0.0198906

0.0632574	0.0110811	 0 	8.73601e-05	1.30336e-05	-0.0200913

0.083839	0.0110811	 0 	-3.57879e-05	4.14934e-05	-0.0203849

0.108396	0.0110811	 0 	-0.000305703	7.12706e-05	-0.0207597

0.137389	0.0110811	 0 	-0.000771682	9.87769e-05	-0.0211766

0.171197	0.0110811	 0 	-0.00146796	0.000120941	-0.021567

0.210054	0.0110811	 0 	-0.00240153	0.000135681	-0.0218383

0.253981	0.0110811	 0 	-0.00354409	0.000141925	-0.0218853

0.30272	0.0110811	 0 	-0.00482771	0.000138824	-0.0215992

0.355693	0.0110811	 0 	-0.00613874	0.000124528	-0.020876

0.411992	0.0110811	 0 	-0.00730807	9.57846e-05	-0.0196355

0.47042	0.0110811	 0 	-0.00811392	4.97243e-05	-0.0178745

0.52958	0.0110811	 0 	-0.00832792	-1.23007e-05	-0.0157414

0.588008	0.0110811	 0 	-0.00781372	-8.13289e-05	-0.0135669

0.644307	0.0110811	 0 	-0.0066272	-0.000141807	-0.0117736

0.69728	0.0110811	 0 	-0.00502825	-0.000178477	-0.0106806

0.746019	0.0110811	 0 	-0.00336963	-0.000184503	-0.0103532

0.789946	0.0110811	 0 	-0.00194291	-0.000163784	-0.01062

0.828803	0.0110811	 0 	-0.000893052	-0.000126441	-0.0112113

0.862611	0.0110811	 0 	-0.000228767	-8.2955e-05	-0.0118875

0.891604	0.0110811	 0 	0.000120554	-4.11071e-05	-0.0124942

0.916161	0.0110811	 0 	0.000251135	-5.67538e-06	-0.0129604

0.936743	0.0110811	 0 	0.000252401	2.06727e-05	-0.013274

0.95384	0.0110811	 0 	0.000193419	3.64926e-05	-0.0134563

0.967939	0.0110811	 0 	0.000120461	4.11806e-05	-0.0135425

0.979495	0.0110811	 0 	5.96797e-05	3.52755e-05	-0.0135687

0.988919	0.0110811	 0 	2.13616e-05	2.13982e-05	-0.0135656

0.996573	0.0110811	 0 	3.78199e-06	4.67894e-06	-0.0135567

1.00343	0.0110811	 0 	-6.84426e-06	-8.60842e-06	-0.0135567

-0.00342678	0.0205051	 0 	-8.55533e-06	1.52879e-05	-0.0196909

0.00342678	0.0205051	 0 	8.09116e-06	-3.2474e-05	-0.0196909

0.0110811	0.0205051	 0 	3.11386e-05	-5.76384e-05	-0.0196896

0.0205051	0.0205051	 0 	6.46882e-05	-6.44351e-05	-0.0197045

0.0320609	0.0205051	 0 	9.54459e-05	-4.66058e-05	-0.0197554

0.0461598	0.0205051	 0 	9.2302e-05	-2.15199e-06	-0.0198626

0.0632574	0.0205051	 0 	2.55346e-06	6.5983e-05	-0.0200444

0.083839	0.0205051	 0 	-0.000248353	0.000150672	-0.0203107

0.108396	0.0205051	 0 	-0.000749649	0.000241927	-0.0206533

0.137389	0.0205051	 0 	-0.00158929	0.000328537	-0.0210373

0.171197	0.0205051	 0 	-0.00283129	0.000400037	-0.0213989

0.210054	0.0205051	 0 	-0.00449227	0.00044854	-0.0216498

0.253981	0.0205051	 0 	-0.00652432	0.000469163	-0.021688

0.30272	0.0205051	 0 	-0.00880517	0.000457974	-0.0214075

0.355693	0.0205051	 0 	-0.0111277	0.000408541	-0.0207069

0.411992	0.0205051	 0 	-0.0131868	0.000310987	-0.0195096

0.47042	0.0205051	 0 	-0.0145897	0.000157634	-0.0178141

0.52958	0.0205051	 0 	-0.014942	-4.52861e-05	-0.0157646

0.588008	0.0205051	 0 	-0.0140178	-0.00026795	-0.0136793

0.644307	0.0205051	 0 	-0.0119269	-0.000461174	-0.0119616

0.69728	0.0205051	 0 	-0.00912629	-0.000578007	-0.0109138

0.746019	0.0205051	 0 	-0.0062255	-0.000598071	-0.0105947

0.789946	0.0205051	 0 	-0.00372444	-0.00053402	-0.0108381

0.828803	0.0205051	 0 	-0.00187065	-0.000417766	-0.0113865

0.862611	0.0205051	 0 	-0.000678402	-0.000282553	-0.0120131

0.891604	0.0205051	 0 	-2.62351e-05	-0.000153272	-0.0125733

0.916161	0.0205051	 0 	0.000250774	-4.51177e-05	-0.0130021

0.936743	0.0205051	 0 	0.000304731	3.40822e-05	-0.01329

0.95384	0.0205051	 0 	0.000251182	8.14533e-05	-0.0134584

0.967939	0.0205051	 0 	0.000165251	9.7881e-05	-0.0135398

0.979495	0.0205051	 0 	8.77868e-05	8.78982e-05	-0.0135659

0.988919	0.0205051	 0 	3.51226e-05	5.96431e-05	-0.0135625

0.996573	0.0205051	 0 	7.50217e-06	2.33109e-05	-0.0135522

1.00343	0.0205051	 0 	-1.10809e-05	-1.84552e-05	-0.0135522

-0.00342678	0.0320609	 0 	-7.00682e-06	2.33504e-05	-0.0196338

0.00342678	0.0320609	 0 	7.52408e-06	-5.907e-05	-0.0196338

0.0110811	0.0320609	 0 	2.63615e-05	-9.49368e-05	-0.0196353

0.0205051	0.0320609	 0 	4.73513e-05	-9.53714e-05	-0.0196537

0.0320609	0.0320609	 0 	4.98269e-05	-4.91002e-05	-0.019705

0.0461598	0.0320609	 0 	-8.7633e-06	5.0121e-05	-0.0198056

0.0632574	0.0320609	 0 	-0.000199916	0.000200138	-0.0199713

0.083839	0.0320609	 0 	-0.000627213	0.00038905	-0.0202117

0.108396	0.0320609	 0 	-0.00141868	0.000596497	-0.0205208

0.137389	0.0320609	 0 	-0.00270483	0.000797138	-0.0208688

0.171197	0.0320609	 0 	-0.00458461	0.000965614	-0.0211975

0.210054	0.0320609	 0 	-0.00708798	0.00108141	-0.0214246

0.253981	0.0320609	 0 	-0.0101463	0.00113058	-0.0214526

0.30272	0.0320609	 0 	-0.0135742	0.00110176	-0.0211795

0.355693	0.0320609	 0 	-0.0170539	0.000978933	-0.0205076

0.411992	0.0320609	 0 	-0.0201209	0.000739733	-0.0193637

0.47042	0.0320609	 0 	-0.0221882	0.000368622	-0.0177471

0.52958	0.0320609	 0 	-0.0226793	-0.000116596	-0.0157962

0.588008	0.0320609	 0 	-0.0212777	-0.000643885	-0.0138137

0.644307	0.0320609	 0 	-0.0181619	-0.00109844	-0.012182

0.69728	0.0320609	 0 	-0.0140105	-0.00137281	-0.0111852

0.746019	0.0320609	 0 	-0.00971406	-0.00142154	-0.0108758

0.789946	0.0320609	 0 	-0.00599866	-0.00127492	-0.0110939

0.828803	0.0320609	 0 	-0.00322295	-0.00100737	-0.0115961

0.862611	0.0320609	 0 	-0.00140777	-0.000696551	-0.0121697

0.891604	0.0320609	 0 	-0.000377417	-0.000400731	-0.0126811

0.916161	0.0320609	 0 	0.000106047	-0.00015509	-0.0130716

0.936743	0.0320609	 0 	0.000260404	2.35987e-05	-0.0133345

0.95384	0.0320609	 0 	0.000248857	0.000131597	-0.01349

0.967939	0.0320609	 0 	0.00017585	0.000174641	-0.013567

0.979495	0.0320609	 0 	9.82665e-05	0.00016539	-0.0135925

0.988919	0.0320609	 0 	4.10754e-05	0.000120326	-0.0135887

0.996573	0.0320609	 0 	9.13396e-06	5.57913e-05	-0.0135771

1.00343	0.0320609	 0 	-1.31259e-05	-3.38633e-05	-0.0135771

-0.00342678	0.0461598	 0 	-1.5993e-06	2.68389e-05	-0.0195076

0.00342678	0.0461598	 0 	4.9164e-06	-8.21341e-05	-0.0195076

0.0110811	0.0461598	 0 	1.11943e-05	-0.000116913	-0.0195173

0.0205051	0.0461598	 0 	2.96233e-06	-9.26102e-05	-0.0195464

0.0320609	0.0461598	 0 	-5.01478e-05	9.44941e-06	-0.0196057

0.0461598	0.0461598	 0 	-0.000203636	0.000202041	-0.0197075

0.0632574	0.0461598	 0 	-0.00054829	0.000485741	-0.0198647

0.083839	0.0461598	 0 	-0.0012161	0.000843879	-0.0200854

0.108396	0.0461598	 0 	-0.00237343	0.00124196	-0.0203652

0.137389	0.0461598	 0 	-0.00419471	0.00163268	-0.0206785

0.171197	0.0461598	 0 	-0.00681714	0.00196539	-0.0209737

0.210054	0.0461598	 0 	-0.0102871	0.00219643	-0.0211755

0.253981	0.0461598	 0 	-0.0145143	0.00229383	-0.0211931

0.30272	0.0461598	 0 	-0.0192417	0.00223122	-0.0209298

0.355693	0.0461598	 0 	-0.0240234	0.00197513	-0.0202923

0.411992	0.0461598	 0 	-0.0282123	0.0014827	-0.0192103

0.47042	0.0461598	 0 	-0.031005	0.000727634	-0.0176824

0.52958	0.0461598	 0 	-0.0316306	-0.000249243	-0.0158384

0.588008	0.0461598	 0 	-0.0296851	-0.00130192	-0.0139643

0.644307	0.0461598	 0 	-0.0254309	-0.00220443	-0.0124209

0.69728	0.0461598	 0 	-0.0197886	-0.00274884	-0.0114757

0.746019	0.0461598	 0 	-0.0139489	-0.0028494	-0.0111766

0.789946	0.0461598	 0 	-0.00887751	-0.00256714	-0.0113712

0.828803	0.0461598	 0 	-0.00505229	-0.00204856	-0.0118298

0.862611	0.0461598	 0 	-0.00250341	-0.00144636	-0.0123543

0.891604	0.0461598	 0 	-0.00100064	-0.000875074	-0.0128216

0.916161	0.0461598	 0 	-0.000232082	-0.000402661	-0.0131796

0.936743	0.0461598	 0 	8.60691e-05	-5.89998e-05	-0.0134228

0.95384	0.0461598	 0 	0.000164849	0.000153096	-0.01357

0.967939	0.0461598	 0 	0.000139224	0.00024874	-0.0136462

0.979495	0.0461598	 0 	8.45971e-05	0.000253106	-0.0136744

0.988919	0.0461598	 0 	3.71827e-05	0.000194129	-0.013674

0.996573	0.0461598	 0 	8.59737e-06	9.69397e-05	-0.0136647

1.00343	0.0461598	 0 	-1.18015e-05	-5.28114e-05	-0.0136647

-0.00342678	0.0632574	 0 	7.33882e-06	1.55627e-05	-0.0192888

0.00342678	0.0632574	 0 	9.81129e-07	-8.75797e-05	-0.0192888

0.0110811	0.0632574	 0 	-1.27376e-05	-8.90652e-05	-0.019313

0.0205051	0.0632574	 0 	-6.73432e-05	-1.53735e-06	-0.0193629

0.0320609	0.0632574	 0 	-0.000206457	0.000203727	-0.019441

0.0461598	0.0632574	 0 	-0.000500988	0.000548618	-0.019555

0.0632574	0.0632574	 0 	-0.00106242	0.00103858	-0.0197147

0.083839	0.0632574	 0 	-0.00205076	0.00165271	-0.019926

0.108396	0.0632574	 0 	-0.00366868	0.00233915	-0.0201844

0.137389	0.0632574	 0 	-0.00613265	0.00302013	-0.0204678

0.171197	0.0632574	 0 	-0.00961798	0.00360669	-0.0207314

0.210054	0.0632574	 0 	-0.0141883	0.00401714	-0.0209085

0.253981	0.0632574	 0 	-0.0197304	0.00418753	-0.0209168

0.30272	0.0632574	 0 	-0.0259074	0.00406402	-0.0206669

0.355693	0.0632574	 0 	-0.0321295	0.00358372	-0.0200707

0.411992	0.0632574	 0 	-0.0375456	0.00267284	-0.0190598

0.47042	0.0632574	 0 	-0.041118	0.00129241	-0.0176292

0.52958	0.0632574	 0 	-0.0418741	-0.000475343	-0.0158978

0.588008	0.0632574	 0 	-0.0393276	-0.00236524	-0.0141327

0.644307	0.0632574	 0 	-0.0338378	-0.00397805	-0.0126748

0.69728	0.0632574	 0 	-0.0265801	-0.00495223	-0.0117783

0.746019	0.0632574	 0 	-0.0190566	-0.00514204	-0.0114894

0.789946	0.0632574	 0 	-0.0124832	-0.00465756	-0.0116643

0.828803	0.0632574	 0 	-0.00746627	-0.00375746	-0.0120867

0.862611	0.0632574	 0 	-0.00405189	-0.00271112	-0.0125713

0.891604	0.0632574	 0 	-0.00195969	-0.0017198	-0.013005

0.916161	0.0632574	 0 	-0.000806841	-0.000900607	-0.0133406

0.936743	0.0632574	 0 	-0.000245303	-0.000301052	-0.013574

0.95384	0.0632574	 0 	-1.61334e-05	7.95949e-05	-0.0137213

0.967939	0.0632574	 0 	4.83085e-05	0.000271029	-0.0138043

0.979495	0.0632574	 0 	4.49459e-05	0.000316027	-0.013843

0.988919	0.0632574	 0 	2.38977e-05	0.00025854	-0.0138539

0.996573	0.0632574	 0 	6.41117e-06	0.000136841	-0.0138524

1.00343	0.0632574	 0 	-6.90919e-06	-6.88233e-05	-0.0138524

-0.00342678	0.083839	 0 	1.91635e-05	-2.54177e-05	-0.0189649

0.00342678	0.083839	 0 	-3.72694e-06	-5.71397e-05	-0.0189649

0.0110811	0.083839	 0 	-4.34265e-05	3.82392e-05	-0.0190097

0.0205051	0.083839	 0 	-0.000160018	0.000260324	-0.0190908

0.0320609	0.083839	 0 	-0.000415258	0.000649273	-0.0191999

0.0461598	0.083839	 0 	-0.000899596	0.00123776	-0.0193396

0.0632574	0.083839	 0 	-0.00174826	0.00203752	-0.019516

0.083839	0.083839	 0 	-0.00314998	0.00302363	-0.0197316

0.108396	0.083839	 0 	-0.00534117	0.0041239	-0.0199807

0.137389	0.083839	 0 	-0.00857542	0.00522152	-0.0202433

0.171197	0.083839	 0 	-0.0130613	0.00617437	-0.020481

0.210054	0.083839	 0 	-0.0188765	0.00684377	-0.0206369

0.253981	0.083839	 0 	-0.0258814	0.0071139	-0.0206396

0.30272	0.083839	 0 	-0.0336529	0.00688465	-0.0204089

0.355693	0.083839	 0 	-0.0414446	0.00604633	-0.0198624

0.411992	0.083839	 0 	-0.0481857	0.00448082	-0.0189321

0.47042	0.083839	 0 	-0.052592	0.00213665	-0.0176059

0.52958	0.083839	 0 	-0.0534868	-0.00083509	-0.0159875

0.588008	0.083839	 0 	-0.0503062	-0.00398897	-0.0143245

0.644307	0.083839	 0 	-0.0435103	-0.00667154	-0.0129411

0.69728	0.083839	 0 	-0.0345307	-0.00829926	-0.0120842

0.746019	0.083839	 0 	-0.0251841	-0.00864091	-0.0118036

0.789946	0.083839	 0 	-0.0169476	-0.00787871	-0.0119652

0.828803	0.083839	 0 	-0.0105707	-0.00643543	-0.0123639

0.862611	0.083839	 0 	-0.00612937	-0.00475105	-0.0128248

0.891604	0.083839	 0 	-0.00330348	-0.00315292	-0.013242

0.916161	0.083839	 0 	-0.00164577	-0.00182779	-0.0135721

0.936743	0.083839	 0 	-0.00074657	-0.000846457	-0.0138105

0.95384	0.083839	 0 	-0.000297882	-0.000201909	-0.0139712

0.967939	0.083839	 0 	-9.59347e-05	0.000155898	-0.0140729

0.979495	0.083839	 0 	-1.82535e-05	0.000293523	-0.014133

0.988919	0.083839	 0 	3.06238e-06	0.000276668	-0.0141648

0.996573	0.083839	 0 	3.1989e-06	0.000161448	-0.0141772

1.00343	0.083839	 0 	1.07774e-06	-7.08623e-05	-0.0141772

-0.00342678	0.108396	 0 	3.32115e-05	-0.000115798	-0.0185435

0.00342678	0.108396	 0 	-8.86841e-06	3.17138e-05	-0.0185435

0.0110811	0.108396	 0 	-7.91062e-05	0.00032995	-0.0186142

0.0205051	0.108396	 0 	-0.000270674	0.000804706	-0.0187356

0.0320609	0.108396	 0 	-0.000668879	0.00150688	-0.0188877

0.0461598	0.108396	 0 	-0.00138932	0.00247897	-0.0190669

0.0632574	0.108396	 0 	-0.00259612	0.00373775	-0.0192754

0.083839	0.108396	 0 	-0.00450957	0.00525227	-0.0195117

0.108396	0.108396	 0 	-0.00739834	0.00692577	-0.0197671

0.137389	0.108396	 0 	-0.0115467	0.00859365	-0.0200225

0.171197	0.108396	 0 	-0.0171872	0.0100453	-0.020245

0.210054	0.108396	 0 	-0.0244028	0.0110633	-0.0203879

0.253981	0.108396	 0 	-0.0330213	0.0114549	-0.0203924

0.30272	0.108396	 0 	-0.0425279	0.011048	-0.02019

0.355693	0.108396	 0 	-0.0520128	0.00966221	-0.0197039

0.411992	0.108396	 0 	-0.0601788	0.00711868	-0.0188639

0.47042	0.108396	 0 	-0.0654916	0.00335608	-0.0176457

0.52958	0.108396	 0 	-0.0665703	-0.00136838	-0.0161335

0.588008	0.108396	 0 	-0.0627697	-0.0063518	-0.0145549

0.644307	0.108396	 0 	-0.0546376	-0.0105862	-0.0132228

0.69728	0.108396	 0 	-0.043845	-0.0131802	-0.0123868

0.746019	0.108396	 0 	-0.0325213	-0.0137817	-0.0121079

0.789946	0.108396	 0 	-0.0224231	-0.01267	-0.0122634

0.828803	0.108396	 0 	-0.0144716	-0.0104951	-0.0126565

0.862611	0.108396	 0 	-0.00879859	-0.0079349	-0.0131175

0.891604	0.108396	 0 	-0.00506134	-0.00549256	-0.0135436

0.916161	0.108396	 0 	-0.00275661	-0.00345092	-0.0138917

0.936743	0.108396	 0 	-0.001414	-0.00191246	-0.014156

0.95384	0.108396	 0 	-0.000672477	-0.000862246	-0.0143476

0.967939	0.108396	 0 	-0.000285934	-0.000224267	-0.0144826

0.979495	0.108396	 0 	-9.99399e-05	9.81759e-05	-0.0145763

0.988919	0.108396	 0 	-2.29667e-05	0.000198082	-0.0146386

0.996573	0.108396	 0 	-4.83896e-07	0.000153443	-0.0146702

1.00343	0.108396	 0 	1.13761e-05	-4.35746e-05	-0.0146702

-0.00342678	0.137389	 0 	4.89207e-05	-0.000279681	-0.0180644

0.00342678	0.137389	 0 	-1.42746e-05	0.00020568	-0.0180644

0.0110811	0.137389	 0 	-0.00011844	0.000865261	-0.0181649

0.0205051	0.137389	 0 	-0.000395121	0.00177049	-0.0183341

0.0320609	0.137389	 0 	-0.000958169	0.00298032	-0.018539

0.0461598	0.137389	 0 	-0.00195436	0.0045427	-0.01877

0.0632574	0.137389	 0 	-0.00358325	0.00647345	-0.0190253

0.083839	0.137389	 0 	-0.00610193	0.00872845	-0.0192988

0.108396	0.137389	 0 	-0.00981234	0.0111781	-0.019578

0.137389	0.137389	 0 	-0.0150239	0.0135994	-0.019843

0.171197	0.137389	 0 	-0.0219817	0.0156977	-0.0200655

0.210054	0.137389	 0 	-0.0307612	0.0171552	-0.0202092

0.253981	0.137389	 0 	-0.0411478	0.0176746	-0.0202291

0.30272	0.137389	 0 	-0.0525317	0.0169804	-0.0200689

0.355693	0.137389	 0 	-0.0638412	0.014792	-0.0196576

0.411992	0.137389	 0 	-0.0735579	0.0108495	-0.0189185

0.47042	0.137389	 0 	-0.0799029	0.00508572	-0.0178088

0.52958	0.137389	 0 	-0.0812886	-0.00209204	-0.0163871

0.588008	0.137389	 0 	-0.0769663	-0.00963416	-0.014861

0.644307	0.137389	 0 	-0.0675275	-0.0160603	-0.0135405

0.69728	0.137389	 0 	-0.0548427	-0.0200631	-0.0126913

0.746019	0.137389	 0 	-0.0413492	-0.0211152	-0.0123972

0.789946	0.137389	 0 	-0.0291201	-0.0196112	-0.0125511

0.828803	0.137389	 0 	-0.0193023	-0.0164986	-0.0129597

0.862611	0.137389	 0 	-0.0121279	-0.0127762	-0.0134511

0.891604	0.137389	 0 	-0.00725718	-0.00918666	-0.0139185

0.916161	0.137389	 0 	-0.00413836	-0.00614555	-0.014315

0.936743	0.137389	 0 	-0.00223639	-0.00380175	-0.0146308

0.95384	0.137389	 0 	-0.00112754	-0.0021345	-0.014874

0.967939	0.137389	 0 	-0.000512443	-0.0010383	-0.0150582

0.979495	0.137389	 0 	-0.000194941	-0.000381293	-0.0151976

0.988919	0.137389	 0 	-5.21302e-05	-3.85455e-05	-0.0152988

0.996573	0.137389	 0 	-4.23343e-06	9.35043e-05	-0.0153539

1.00343	0.137389	 0 	2.32435e-05	3.19894e-05	-0.0153539

-0.00342678	0.171197	 0 	6.58269e-05	-0.000544641	-0.0176141

0.00342678	0.171197	 0 	-1.98744e-05	0.000495039	-0.0176141

0.0110811	0.171197	 0 	-0.000160417	0.0017347	-0.0177474

0.0205051	0.171197	 0 	-0.000529596	0.00331756	-0.0179698

0.0320609	0.171197	 0 	-0.00127371	0.00530661	-0.0182348

0.0461598	0.171197	 0 	-0.00257592	0.00774739	-0.018527

0.0632574	0.171197	 0 	-0.00467767	0.0106432	-0.0188408

0.083839	0.171197	 0 	-0.00787927	0.0139224	-0.0191658

0.108396	0.171197	 0 	-0.0125195	0.0174069	-0.0194851

0.137389	0.171197	 0 	-0.0189307	0.0207993	-0.0197776

0.171197	0.171197	 0 	-0.0273609	0.0237049	-0.0200191

0.210054	0.171197	 0 	-0.0378644	0.0256859	-0.0201832

0.253981	0.171197	 0 	-0.0501749	0.0263139	-0.0202391

0.30272	0.171197	 0 	-0.0635877	0.0251789	-0.0201429

0.355693	0.171197	 0 	-0.076882	0.021866	-0.019827

0.411992	0.171197	 0 	-0.0883375	0.01601	-0.0192029

0.47042	0.171197	 0 	-0.095945	0.00753809	-0.0182006

0.52958	0.171197	 0 	-0.0978994	-0.00295144	-0.0168455

0.588008	0.171197	 0 	-0.0932932	-0.0139724	-0.0153236

0.644307	0.171197	 0 	-0.0826736	-0.023441	-0.0139518

0.69728	0.171197	 0 	-0.0680368	-0.0294948	-0.0130303

0.746019	0.171197	 0 	-0.0521216	-0.0313375	-0.0126841

0.789946	0.171197	 0 	-0.0373839	-0.0294713	-0.012829

0.828803	0.171197	 0 	-0.0252905	-0.0252126	-0.0132713

0.862611	0.171197	 0 	-0.0162472	-0.0199823	-0.0138261

0.891604	0.171197	 0 	-0.00995334	-0.01485	-0.0143725

0.916161	0.171197	 0 	-0.00581422	-0.0104194	-0.0148527

0.936743	0.171197	 0 	-0.00321818	-0.00691396	-0.0152499

0.95384	0.171197	 0 	-0.00166087	-0.00431724	-0.0155677

0.967939	0.171197	 0 	-0.000772442	-0.00249525	-0.0158184

0.979495	0.171197	 0 	-0.000301318	-0.00127789	-0.0160156

0.988919	0.171197	 0 	-8.36231e-05	-0.000503779	-0.0161637

0.996573	0.171197	 0 	-7.88863e-06	-3.89925e-05	-0.0162464

1.00343	0.171197	 0 	3.63888e-05	0.000177911	-0.0162464

-0.00342678	0.210054	 0 	8.34586e-05	-0.000939739	-0.0173435

0.00342678	0.210054	 0 	-2.56105e-05	0.000931905	-0.0173435

0.0110811	0.210054	 0 	-0.000204027	0.00303381	-0.0175114

0.0205051	0.210054	 0 	-0.000670138	0.00561461	-0.0177901

0.0320609	0.210054	 0 	-0.00160511	0.00873623	-0.0181195

0.0461598	0.210054	 0 	-0.00323192	0.0124313	-0.0184787

0.0632574	0.210054	 0 	-0.00583873	0.0166738	-0.0188587

0.083839	0.210054	 0 	-0.00977469	0.0213422	-0.0192452

0.108396	0.210054	 0 	-0.0154203	0.0261853	-0.0196178

0.137389	0.210054	 0 	-0.0231319	0.0308082	-0.0199547

0.171197	0.210054	 0 	-0.0331564	0.0346968	-0.0202359

0.210054	0.210054	 0 	-0.0455189	0.0372763	-0.0204455

0.253981	0.210054	 0 	-0.0598972	0.0379688	-0.0205668

0.30272	0.210054	 0 	-0.0755007	0.0362029	-0.020567

0.355693	0.210054	 0 	-0.0909862	0.0313971	-0.0203784

0.411992	0.210054	 0 	-0.104468	0.0230505	-0.0198931

0.47042	0.210054	 0 	-0.113731	0.0110706	-0.0190021

0.52958	0.210054	 0 	-0.116725	-0.00373473	-0.0176855

0.588008	0.210054	 0 	-0.11229	-0.019373	-0.0161024

0.644307	0.210054	 0 	-0.100782	-0.0330224	-0.0145853

0.69728	0.210054	 0 	-0.0841996	-0.042081	-0.0134928

0.746019	0.210054	 0 	-0.0655625	-0.0453155	-0.0130186

0.789946	0.210054	 0 	-0.047807	-0.0432686	-0.013119

0.828803	0.210054	 0 	-0.0328672	-0.0376822	-0.0135982

0.862611	0.210054	 0 	-0.0214411	-0.0305257	-0.014245

0.891604	0.210054	 0 	-0.0133238	-0.0233222	-0.0149096

0.916161	0.210054	 0 	-0.00788393	-0.0169552	-0.0155127

0.936743	0.210054	 0 	-0.00441346	-0.011775	-0.0160252

0.95384	0.210054	 0 	-0.00230012	-0.00779416	-0.0164448

0.967939	0.210054	 0 	-0.0010789	-0.00485757	-0.0167822

0.979495	0.210054	 0 	-0.000424303	-0.00275499	-0.017052

0.988919	0.210054	 0 	-0.000119007	-0.00128242	-0.0172573

0.996573	0.210054	 0 	-1.16414e-05	-0.000267775	-0.0173728

1.00343	0.210054	 0 	5.14476e-05	0.000420906	-0.0173728

-0.00342678	0.253981	 0 	0.00010114	-0.00149174	-0.0174844

0.00342678	0.253981	 0 	-3.13435e-05	0.00154629	-0.0174844

0.0110811	0.253981	 0 	-0.000247724	0.00485084	-0.0176869

0.0205051	0.253981	 0 	-0.000811161	0.00881656	-0.0180222

0.0320609	0.253981	 0 	-0.00193817	0.0134986	-0.018417

0.0461598	0.253981	 0 	-0.0038926	0.0189039	-0.0188445

0.0632574	0.253981	 0 	-0.00701119	0.0249563	-0.0192936

0.083839	0.253981	 0 	-0.0116949	0.0314563	-0.0197467

0.108396	0.253981	 0 	-0.0183699	0.0380467	-0.0201813

0.137389	0.253981	 0 	-0.02742	0.0442045	-0.0205767

0.171197	0.253981	 0 	-0.0390931	0.0492732	-0.0209193

0.210054	0.253981	 0 	-0.0533873	0.0525289	-0.0212053

0.253981	0.253981	 0 	-0.0699316	0.0532355	-0.0214324

0.30272	0.253981	 0 	-0.0878736	0.0506461	-0.0215779

0.355693	0.253981	 0 	-0.105793	0.0439865	-0.021569

0.411992	0.253981	 0 	-0.121697	0.0325813	-0.0212686

0.47042	0.253981	 0 	-0.133197	0.0162748	-0.0205129

0.52958	0.253981	 0 	-0.13797	-0.00394771	-0.0192158

0.588008	0.253981	 0 	-0.13447	-0.0255707	-0.017494

0.644307	0.253981	 0 	-0.122652	-0.0449158	-0.0156982

0.69728	0.253981	 0 	-0.104319	-0.0584005	-0.0142735

0.746019	0.253981	 0 	-0.0827023	-0.0640678	-0.0135265

0.789946	0.253981	 0 	-0.0613192	-0.0623154	-0.0134885

0.828803	0.253981	 0 	-0.0427771	-0.0553178	-0.01397

0.862611	0.253981	 0 	-0.0282523	-0.045747	-0.0147192

0.891604	0.253981	 0 	-0.0177355	-0.0357696	-0.0155363

0.916161	0.253981	 0 	-0.0105806	-0.0267008	-0.0163044

0.936743	0.253981	 0 	-0.00596133	-0.019113	-0.0169722

0.95384	0.253981	 0 	-0.00312238	-0.0130952	-0.0175281

0.967939	0.253981	 0 	-0.0014703	-0.0084875	-0.0179804

0.979495	0.253981	 0 	-0.000580121	-0.00503854	-0.0183451

0.988919	0.253981	 0 	-0.000163301	-0.0024924	-0.0186242

0.996573	0.253981	 0 	-1.61506e-05	-0.000626446	-0.0187818

1.00343	0.253981	 0 	7.04457e-05	0.000798007	-0.0187818

-0.00342678	0.30272	 0 	0.000117731	-0.00221859	-0.0183545

0.00342678	0.30272	 0 	-3.67453e-05	0.00235873	-0.0183545

0.0110811	0.30272	 0 	-0.000288751	0.00724514	-0.0185894

0.0205051	0.30272	 0 	-0.00094345	0.0130268	-0.0189779

0.0320609	0.30272	 0 	-0.00225061	0.0197458	-0.0194339

0.0461598	0.30272	 0 	-0.00451278	0.0273698	-0.0199262

0.0632574	0.30272	 0 	-0.0081133	0.0357498	-0.0204416

0.083839	0.30272	 0 	-0.0135039	0.0445764	-0.020961

0.108396	0.30272	 0 	-0.0211568	0.05335	-0.0214621

0.137389	0.30272	 0 	-0.0314871	0.0613848	-0.0219281

0.171197	0.30272	 0 	-0.0447501	0.0678589	-0.0223558

0.210054	0.30272	 0 	-0.060928	0.0718916	-0.0227567

0.253981	0.30272	 0 	-0.0796225	0.0725946	-0.0231457

0.30272	0.30272	 0 	-0.0999602	0.0690498	-0.0235104

0.355693	0.30272	 0 	-0.120511	0.0602755	-0.0237696

0.411992	0.30272	 0 	-0.139258	0.045374	-0.0237464

0.47042	0.30272	 0 	-0.153707	0.0240382	-0.0231999

0.52958	0.30272	 0 	-0.161249	-0.00268271	-0.0219429

0.588008	0.30272	 0 	-0.159818	-0.0318296	-0.0200128

0.644307	0.30272	 0 	-0.148717	-0.058808	-0.0177644

0.69728	0.30272	 0 	-0.129256	-0.0787746	-0.0157576

0.746019	0.30272	 0 	-0.10468	-0.0886049	-0.014477

0.789946	0.30272	 0 	-0.0791205	-0.0881654	-0.0140962

0.828803	0.30272	 0 	-0.0560917	-0.0799444	-0.0144648

0.862611	0.30272	 0 	-0.0375264	-0.0674724	-0.0152807

0.891604	0.30272	 0 	-0.0237953	-0.0538338	-0.0162662

0.916161	0.30272	 0 	-0.0143063	-0.0410229	-0.0172399

0.936743	0.30272	 0 	-0.00810907	-0.0299991	-0.0181115

0.95384	0.30272	 0 	-0.00426732	-0.0210146	-0.0188505

0.967939	0.30272	 0 	-0.00201713	-0.0139384	-0.0194594

0.979495	0.30272	 0 	-0.000798622	-0.00848084	-0.0199548

0.988919	0.30272	 0 	-0.000225755	-0.0043222	-0.0203363

0.996573	0.30272	 0 	-2.26295e-05	-0.00117178	-0.0205524

1.00343	0.30272	 0 	9.71205e-05	0.0013678	-0.0205524

-0.00342678	0.355693	 0 	0.000131423	-0.00311971	-0.0203352

0.00342678	0.355693	 0 	-4.12127e-05	0.00336886	-0.0203352

0.0110811	0.355693	 0 	-0.00032261	0.010215	-0.020597

0.0205051	0.355693	 0 	-0.0010526	0.018242	-0.0210293

0.0320609	0.355693	 0 	-0.00250859	0.027473	-0.0215362

0.0461598	0.355693	 0 	-0.0050256	0.0378233	-0.022083

0.0632574	0.355693	 0 	-0.00902662	0.0490492	-0.0226559

0.083839	0.355693	 0 	-0.0150075	0.0607011	-0.0232361

0.108396	0.355693	 0 	-0.0234821	0.0721013	-0.0238045

0.137389	0.355693	 0 	-0.0348961	0.082368	-0.0243529

0.171197	0.355693	 0 	-0.0495176	0.0904936	-0.0248931

0.210054	0.355693	 0 	-0.0673263	0.0954431	-0.0254585

0.253981	0.355693	 0 	-0.087924	0.0961982	-0.0260869

0.30272	0.355693	 0 	-0.110468	0.0916982	-0.0267816

0.355693	0.355693	 0 	-0.133605	0.0807594	-0.0274545

0.411992	0.355693	 0 	-0.155413	0.0622113	-0.0278809

0.47042	0.355693	 0 	-0.173411	0.0354623	-0.0277149

0.52958	0.355693	 0 	-0.184774	0.00141388	-0.0266145

0.588008	0.355693	 0 	-0.18686	-0.0367515	-0.0244665

0.644307	0.355693	 0 	-0.178086	-0.0736008	-0.0215783

0.69728	0.355693	 0 	-0.158876	-0.102797	-0.0186364

0.746019	0.355693	 0 	-0.132077	-0.119473	-0.0163894

0.789946	0.355693	 0 	-0.102247	-0.122291	-0.0152713

0.828803	0.355693	 0 	-0.0739709	-0.113661	-0.0152535

0.862611	0.355693	 0 	-0.0502985	-0.0980327	-0.0159982

0.891604	0.355693	 0 	-0.0323024	-0.0797518	-0.0171164

0.916161	0.355693	 0 	-0.0196155	-0.0618719	-0.0183203

0.936743	0.355693	 0 	-0.0112071	-0.0460173	-0.0194481

0.95384	0.355693	 0 	-0.00593637	-0.0327627	-0.0204312

0.967939	0.355693	 0 	-0.00282215	-0.0220761	-0.0212567

0.979495	0.355693	 0 	-0.00112368	-0.0136469	-0.0219377

0.988919	0.355693	 0 	-0.00032007	-0.00708202	-0.0224674

0.996573	0.355693	 0 	-3.29034e-05	-0.00200222	-0.0227694

1.00343	0.355693	 0 	0.000136983	0.00222576	-0.0227694

-0.00342678	0.411992	 0 	0.000139888	-0.00416541	-0.0237994

0.00342678	0.411992	 0 	-4.39027e-05	0.00454238	-0.0237994

0.0110811	0.411992	 0 	-0.000343409	0.0136621	-0.0240779

0.0205051	0.411992	 0 	-0.00112024	0.0242921	-0.0245381

0.0320609	0.411992	 0 	-0.00266966	0.0364326	-0.0250782

0.0461598	0.411992	 0 	-0.00534827	0.0499365	-0.025662

0.0632574	0.411992	 0 	-0.00960599	0.064448	-0.0262769

0.083839	0.411992	 0 	-0.0159691	0.0793525	-0.0269072

0.108396	0.411992	 0 	-0.0249806	0.0937639	-0.0275406

0.137389	0.411992	 0 	-0.0371064	0.106576	-0.0281822

0.171197	0.411992	 0 	-0.052621	0.116583	-0.0288657

0.210054	0.411992	 0 	-0.0715023	0.122606	-0.0296542

0.253981	0.411992	 0 	-0.0933673	0.123541	-0.0306201

0.30272	0.411992	 0 	-0.117447	0.118245	-0.0317949

0.355693	0.411992	 0 	-0.14256	0.105374	-0.0330956

0.411992	0.411992	 0 	-0.167031	0.0834573	-0.0342517

0.47042	0.411992	 0 	-0.188604	0.0514735	-0.0347865

0.52958	0.411992	 0 	-0.204452	0.00988848	-0.0341323

0.588008	0.411992	 0 	-0.211495	-0.038273	-0.0319124

0.644307	0.411992	 0 	-0.207179	-0.0870589	-0.0282718

0.69728	0.411992	 0 	-0.19063	-0.128637	-0.0239827

0.746019	0.411992	 0 	-0.163631	-0.155863	-0.0201396

0.789946	0.411992	 0 	-0.130585	-0.165234	-0.0176113

0.828803	0.411992	 0 	-0.0970105	-0.158222	-0.016661

0.862611	0.411992	 0 	-0.0674106	-0.139918	-0.0169929

0.891604	0.411992	 0 	-0.0440419	-0.116232	-0.0180869

0.916161	0.411992	 0 	-0.0271096	-0.0917958	-0.0194887

0.936743	0.411992	 0 	-0.0156589	-0.0693465	-0.0209093

0.95384	0.411992	 0 	-0.0083705	-0.050068	-0.022204

0.967939	0.411992	 0 	-0.0040117	-0.0341736	-0.0233231

0.979495	0.411992	 0 	-0.00161047	-0.0213878	-0.0242657

0.988919	0.411992	 0 	-0.000463902	-0.0112504	-0.0250097

0.996573	0.411992	 0 	-4.94591e-05	-0.00327629	-0.0254379

1.00343	0.411992	 0 	0.00019702	0.00351794	-0.0254379

-0.00342678	0.47042	 0 	0.000141231	-0.00529211	-0.0289847

0.00342678	0.47042	 0 	-4.40617e-05	0.0058047	-0.0289847

0.0110811	0.47042	 0 	-0.000346252	0.0173752	-0.0292667

0.0205051	0.47042	 0 	-0.00113152	0.0308139	-0.0297335

0.0320609	0.47042	 0 	-0.00270006	0.0460974	-0.0302833

0.0461598	0.47042	 0 	-0.00541534	0.0630115	-0.0308813

0.0632574	0.47042	 0 	-0.00973619	0.0810776	-0.0315177

0.083839	0.47042	 0 	-0.0161979	0.0994984	-0.0321821

0.108396	0.47042	 0 	-0.0253474	0.117155	-0.0328719

0.137389	0.47042	 0 	-0.0376422	0.132695	-0.0336094

0.171197	0.47042	 0 	-0.0533308	0.1447	-0.0344558

0.210054	0.47042	 0 	-0.0723567	0.151874	-0.0355143

0.253981	0.47042	 0 	-0.0943304	0.153094	-0.0369079

0.30272	0.47042	 0 	-0.11857	0.147234	-0.0387199

0.355693	0.47042	 0 	-0.144138	0.132894	-0.0408995

0.411992	0.47042	 0 	-0.169787	0.108348	-0.0431493

0.47042	0.47042	 0 	-0.193781	0.0720561	-0.0448539

0.52958	0.47042	 0 	-0.213704	0.0237709	-0.0451547

0.588008	0.47042	 0 	-0.22646	-0.0341388	-0.0432721

0.644307	0.47042	 0 	-0.228753	-0.0958319	-0.0390027

0.69728	0.47042	 0 	-0.218183	-0.152455	-0.0330598

0.746019	0.47042	 0 	-0.194681	-0.194448	-0.0268918

0.789946	0.47042	 0 	-0.161423	-0.215145	-0.021992

0.828803	0.47042	 0 	-0.124132	-0.213646	-0.0191892

0.862611	0.47042	 0 	-0.0887838	-0.19471	-0.0184288

0.891604	0.47042	 0 	-0.0593578	-0.165754	-0.0191051

0.916161	0.47042	 0 	-0.0372062	-0.133532	-0.0205365

0.936743	0.47042	 0 	-0.0218041	-0.102548	-0.0222225

0.95384	0.47042	 0 	-0.0117954	-0.0750818	-0.0238758

0.967939	0.47042	 0 	-0.0057128	-0.0518801	-0.0253687

0.979495	0.47042	 0 	-0.00231766	-0.0328403	-0.0266637

0.988919	0.47042	 0 	-0.000677214	-0.0174838	-0.0277065

0.996573	0.47042	 0 	-7.54744e-05	-0.00522173	-0.0283139

1.00343	0.47042	 0 	0.000284819	0.00544281	-0.0283139

-0.00342678	0.52958	 0 	0.000135954	-0.00641514	-0.0358543

0.00342678	0.52958	 0 	-4.17503e-05	0.00705563	-0.0358543

0.0110811	0.52958	 0 	-0.000332234	0.0210723	-0.0361277

0.0205051	0.52958	 0 	-0.00109061	0.0373237	-0.0365821

0.0320609	0.52958	 0 	-0.00261004	0.0557647	-0.0371207

0.0461598	0.52958	 0 	-0.00524639	0.0761133	-0.0377118

0.0632574	0.52958	 0 	-0.00944722	0.0977617	-0.0383485

0.083839	0.52958	 0 	-0.0157279	0.119714	-0.0390252

0.108396	0.52958	 0 	-0.0245978	0.140597	-0.0397474

0.137389	0.52958	 0 	-0.0364479	0.158783	-0.0405532

0.171197	0.52958	 0 	-0.0514255	0.172638	-0.0415335

0.210054	0.52958	 0 	-0.0693567	0.180781	-0.0428418

0.253981	0.52958	 0 	-0.0897748	0.18216	-0.0446733

0.30272	0.52958	 0 	-0.112053	0.175824	-0.0471964

0.355693	0.52958	 0 	-0.135543	0.160495	-0.0504329

0.411992	0.52958	 0 	-0.159581	0.134347	-0.0540992

0.47042	0.52958	 0 	-0.183284	0.0953881	-0.0574632

0.52958	0.52958	 0 	-0.205173	0.0425139	-0.0593515

0.588008	0.52958	 0 	-0.222822	-0.0230304	-0.0584746

0.644307	0.52958	 0 	-0.232835	-0.0963751	-0.0540724

0.69728	0.52958	 0 	-0.231528	-0.168715	-0.0465431

0.746019	0.52958	 0 	-0.216456	-0.228765	-0.037528

0.789946	0.52958	 0 	-0.188252	-0.26626	-0.0292229

0.828803	0.52958	 0 	-0.151354	-0.276239	-0.023328

0.862611	0.52958	 0 	-0.112457	-0.261183	-0.0203828

0.891604	0.52958	 0 	-0.0775236	-0.229045	-0.0198892

0.916161	0.52958	 0 	-0.0497696	-0.18892	-0.0209362

0.936743	0.52958	 0 	-0.0297188	-0.147839	-0.0227173

0.95384	0.52958	 0 	-0.0163223	-0.109917	-0.0247049

0.967939	0.52958	 0 	-0.00800887	-0.0769428	-0.0266234

0.979495	0.52958	 0 	-0.00329108	-0.0492731	-0.028357

0.988919	0.52958	 0 	-0.000978167	-0.0265475	-0.0297899

0.996573	0.52958	 0 	-0.000114598	-0.00812198	-0.0306374

1.00343	0.52958	 0 	0.000406655	0.00822837	-0.0306374

-0.00342678	0.588008	 0 	0.000129327	-0.00746616	-0.0440477

0.00342678	0.588008	 0 	-3.8739e-05	0.00821407	-0.0440477

0.0110811	0.588008	 0 	-0.000314485	0.0245256	-0.0443106

0.0205051	0.588008	 0 	-0.00103918	0.0434291	-0.0447497

0.0320609	0.588008	 0 	-0.00249594	0.0648577	-0.0452733

0.0461598	0.588008	 0 	-0.00502609	0.0884561	-0.045851

0.0632574	0.588008	 0 	-0.0090496	0.113473	-0.046474

0.083839	0.588008	 0 	-0.0150272	0.138687	-0.0471331

0.108396	0.588008	 0 	-0.0233669	0.162432	-0.047831

0.137389	0.588008	 0 	-0.0342925	0.182781	-0.04861

0.171197	0.588008	 0 	-0.0477209	0.197884	-0.049587

0.210054	0.588008	 0 	-0.0632277	0.206337	-0.0509771

0.253981	0.588008	 0 	-0.0801673	0.207295	-0.0530767

0.30272	0.588008	 0 	-0.0979245	0.200172	-0.0561801

0.355693	0.588008	 0 	-0.116165	0.184055	-0.0604275

0.411992	0.588008	 0 	-0.134917	0.157278	-0.0655951

0.47042	0.588008	 0 	-0.154383	0.117625	-0.0708789

0.52958	0.588008	 0 	-0.174458	0.0632372	-0.0748243

0.588008	0.588008	 0 	-0.194081	-0.00598216	-0.0756195

0.644307	0.588008	 0 	-0.21068	-0.0869091	-0.0718306

0.69728	0.588008	 0 	-0.220158	-0.172208	-0.0632794

0.746019	0.588008	 0 	-0.217959	-0.25054	-0.0514709

0.789946	0.588008	 0 	-0.201289	-0.308904	-0.0391192

0.828803	0.588008	 0 	-0.171408	-0.337272	-0.0289349

0.862611	0.588008	 0 	-0.133925	-0.333275	-0.0224512

0.891604	0.588008	 0 	-0.0961645	-0.303042	-0.0196639

0.916161	0.588008	 0 	-0.0637195	-0.257206	-0.0195882

0.936743	0.588008	 0 	-0.0389834	-0.205822	-0.0210694

0.95384	0.588008	 0 	-0.0218228	-0.155756	-0.0232304

0.967939	0.588008	 0 	-0.0108796	-0.110616	-0.0255511

0.979495	0.588008	 0 	-0.00453941	-0.0717264	-0.0277726

0.988919	0.588008	 0 	-0.00137603	-0.0391302	-0.0296717

0.996573	0.588008	 0 	-0.000170166	-0.0122648	-0.030816

1.00343	0.588008	 0 	0.000564517	0.0120736	-0.030816

-0.00342678	0.644307	 0 	0.00013298	-0.00844476	-0.0530153

0.00342678	0.644307	 0 	-3.91113e-05	0.00928025	-0.0530153

0.0110811	0.644307	 0 	-0.000322248	0.0277339	-0.0532876

0.0205051	0.644307	 0 	-0.0010688	0.0491198	-0.0537429

0.0320609	0.644307	 0 	-0.00256737	0.0733361	-0.0542837

0.0461598	0.644307	 0 	-0.00515321	0.0999262	-0.0548707

0.0632574	0.644307	 0 	-0.00920991	0.127948	-0.0554795

0.083839	0.644307	 0 	-0.0150989	0.155891	-0.0560761

0.108396	0.644307	 0 	-0.0230265	0.181739	-0.0566332

0.137389	0.644307	 0 	-0.0328908	0.203241	-0.0571764

0.171197	0.644307	 0 	-0.0441911	0.218386	-0.0578454

0.210054	0.644307	 0 	-0.0560967	0.225882	-0.058941

0.253981	0.644307	 0 	-0.0677129	0.225285	-0.0609052

0.30272	0.644307	 0 	-0.0784555	0.216592	-0.0642045

0.355693	0.644307	 0 	-0.0883693	0.199473	-0.0691313

0.411992	0.644307	 0 	-0.0982394	0.172676	-0.0755453

0.47042	0.644307	 0 	-0.109408	0.134051	-0.0826007

0.52958	0.644307	 0 	-0.123265	0.08129	-0.088616

0.588008	0.644307	 0 	-0.140461	0.0131292	-0.0913328

0.644307	0.644307	 0 	-0.160006	-0.0693134	-0.0886848

0.69728	0.644307	 0 	-0.178607	-0.161279	-0.079823

0.746019	0.644307	 0 	-0.190849	-0.253487	-0.0658157

0.789946	0.644307	 0 	-0.190869	-0.332579	-0.0494955

0.828803	0.644307	 0 	-0.175454	-0.384355	-0.0343728

0.862611	0.644307	 0 	-0.146673	-0.399744	-0.0231582

0.891604	0.644307	 0 	-0.111293	-0.379586	-0.0167909

0.916161	0.644307	 0 	-0.0769415	-0.333526	-0.0145749

0.936743	0.644307	 0 	-0.0485972	-0.274145	-0.0151081

0.95384	0.644307	 0 	-0.0278719	-0.2118	-0.0170997

0.967939	0.644307	 0 	-0.0141687	-0.152902	-0.0196824

0.979495	0.644307	 0 	-0.00601877	-0.100515	-0.0223696

0.988919	0.644307	 0 	-0.00186551	-0.055568	-0.0247701

0.996573	0.644307	 0 	-0.000244106	-0.0178524	-0.0262499

1.00343	0.644307	 0 	0.000754083	0.0170641	-0.0262499

-0.00342678	0.69728	 0 	0.000165802	-0.00945805	-0.0623067

0.00342678	0.69728	 0 	-4.97203e-05	0.0103851	-0.0623067

0.0110811	0.69728	 0 	-0.000403392	0.0310549	-0.0626436

0.0205051	0.69728	 0 	-0.00132721	0.0549861	-0.0632003

0.0320609	0.69728	 0 	-0.00315704	0.0819951	-0.0638433

0.0461598	0.69728	 0 	-0.00624702	0.111443	-0.0645006

0.0632574	0.69728	 0 	-0.0109332	0.142081	-0.0651022

0.083839	0.69728	 0 	-0.0173982	0.17199	-0.0655492

0.108396	0.69728	 0 	-0.0254764	0.198721	-0.0657455

0.137389	0.69728	 0 	-0.0345003	0.219734	-0.0656814

0.171197	0.69728	 0 	-0.0433227	0.233038	-0.0655419

0.210054	0.69728	 0 	-0.050593	0.237729	-0.0657732

0.253981	0.69728	 0 	-0.0552173	0.234039	-0.0670306

0.30272	0.69728	 0 	-0.0568078	0.222731	-0.0699954

0.355693	0.69728	 0 	-0.0559514	0.204168	-0.0751157

0.411992	0.69728	 0 	-0.0542445	0.177607	-0.0823097

0.47042	0.69728	 0 	-0.054079	0.141149	-0.0906683

0.52958	0.69728	 0 	-0.0581484	0.0923485	-0.0983022

0.588008	0.69728	 0 	-0.0686729	0.029211	-0.10259

0.644307	0.69728	 0 	-0.0864314	-0.0487598	-0.100967

0.69728	0.69728	 0 	-0.109798	-0.139525	-0.0920192

0.746019	0.69728	 0 	-0.134122	-0.237288	-0.0763172

0.789946	0.69728	 0 	-0.15218	-0.331288	-0.0564931

0.828803	0.69728	 0 	-0.156652	-0.406283	-0.0364207

0.862611	0.69728	 0 	-0.144251	-0.44715	-0.0197873

0.891604	0.69728	 0 	-0.11832	-0.446509	-0.00870766

0.916161	0.69728	 0 	-0.0867831	-0.408892	-0.00321879

0.936743	0.69728	 0 	-0.0572388	-0.347067	-0.00195511

0.95384	0.69728	 0 	-0.0338857	-0.274768	-0.00325417

0.967939	0.69728	 0 	-0.0176502	-0.20212	-0.00582786

0.979495	0.69728	 0 	-0.0076588	-0.134903	-0.00887327

0.988919	0.69728	 0 	-0.0024336	-0.075643	-0.0117583

0.996573	0.69728	 0 	-0.00033737	-0.024922	-0.0135878

1.00343	0.69728	 0 	0.000967893	0.0231132	-0.0135878

-0.00342678	0.746019	 0 	0.000256309	-0.0107337	-0.0718737

0.00342678	0.746019	 0 	-8.18737e-05	0.0118137	-0.0718737

0.0110811	0.746019	 0 	-0.00063171	0.0352527	-0.0723798

0.0205051	0.746019	 0 	-0.00203374	0.0622755	-0.0731956

0.0320609	0.746019	 0 	-0.0047399	0.0925011	-0.0740883

0.0461598	0.746019	 0 	-0.00914753	0.12493	-0.0749026

0.0632574	0.746019	 0 	-0.01549	0.157791	-0.0754697

0.083839	0.746019	 0 	-0.0235937	0.188564	-0.0755682

0.108396	0.746019	 0 	-0.0326225	0.214333	-0.0749998

0.137389	0.746019	 0 	-0.0410158	0.232467	-0.0737438

0.171197	0.746019	 0 	-0.0467816	0.241401	-0.0721167

0.210054	0.746019	 0 	-0.0480975	0.241078	-0.0708205

0.253981	0.746019	 0 	-0.0439426	0.232706	-0.0708004

0.30272	0.746019	 0 	-0.0344685	0.217888	-0.0729643

0.355693	0.746019	 0 	-0.0210495	0.197587	-0.077869

0.411992	0.746019	 0 	-0.00613895	0.171462	-0.0854151

0.47042	0.746019	 0 	0.00698905	0.13785	-0.0945591

0.52958	0.746019	 0 	0.0146728	0.0943488	-0.103172

0.588008	0.746019	 0 	0.0135362	0.038652	-0.108306

0.644307	0.746019	 0 	0.00135263	-0.0306633	-0.107008

0.69728	0.746019	 0 	-0.0220182	-0.113539	-0.0974639

0.746019	0.746019	 0 	-0.0536944	-0.207642	-0.0798864

0.789946	0.746019	 0 	-0.0871251	-0.30669	-0.0566651

0.828803	0.746019	 0 	-0.112914	-0.398357	-0.0317178

0.862611	0.746019	 0 	-0.122519	-0.465137	-0.00930577

0.891604	0.746019	 0 	-0.113412	-0.491336	0.00738841

0.916161	0.746019	 0 	-0.0908275	-0.472284	0.0172946

0.936743	0.746019	 0 	-0.0637511	-0.416587	0.0213564

0.95384	0.746019	 0 	-0.0394258	-0.339537	0.0214379

0.967939	0.746019	 0 	-0.0211988	-0.255277	0.0192659

0.979495	0.746019	 0 	-0.00944113	-0.173309	0.0160428

0.988919	0.746019	 0 	-0.00308597	-0.098673	0.012726

0.996573	0.746019	 0 	-0.000453939	-0.0333595	0.010545

1.00343	0.746019	 0 	0.00120561	0.0299926	0.010545

-0.00342678	0.789946	 0 	0.000448096	-0.0126135	-0.0823222

0.00342678	0.789946	 0 	-0.000155629	0.01402	-0.0823222

0.0110811	0.789946	 0 	-0.00112427	0.0414861	-0.0831709

0.0205051	0.789946	 0 	-0.00351369	0.0728091	-0.0844913

0.0320609	0.789946	 0 	-0.00797106	0.10717	-0.08583

0.0461598	0.789946	 0 	-0.0149047	0.142875	-0.0868537

0.0632574	0.789946	 0 	-0.024249	0.177294	-0.0872104

0.083839	0.789946	 0 	-0.035092	0.207133	-0.0865029

0.108396	0.789946	 0 	-0.0454571	0.229168	-0.0844578

0.137389	0.789946	 0 	-0.0525605	0.241214	-0.0811709

0.171197	0.789946	 0 	-0.0535915	0.24284	-0.0772664

0.210054	0.789946	 0 	-0.0466574	0.235384	-0.0738336

0.253981	0.789946	 0 	-0.0313786	0.221207	-0.0721398

0.30272	0.789946	 0 	-0.00891597	0.202583	-0.0732607

0.355693	0.789946	 0 	0.0183483	0.180752	-0.0777586

0.411992	0.789946	 0 	0.0471412	0.155491	-0.0854104

0.47042	0.789946	 0 	0.0735448	0.125247	-0.0949571

0.52958	0.789946	 0 	0.0933001	0.0877116	-0.10399

0.588008	0.789946	 0 	0.102326	0.0405552	-0.109239

0.644307	0.789946	 0 	0.0974447	-0.0179859	-0.107418

0.69728	0.789946	 0 	0.077177	-0.088874	-0.0964096

0.746019	0.789946	 0 	0.042605	-0.172178	-0.0761978

0.789946	0.789946	 0 	-0.00159038	-0.266057	-0.0490297

0.828803	0.789946	 0 	-0.0464121	-0.36371	-0.0187934

0.862611	0.789946	 0 	-0.0801854	-0.450237	0.00997347

0.891604	0.789946	 0 	-0.0939492	-0.505289	0.0332776

0.916161	0.789946	 0 	-0.0871276	-0.513548	0.0489211

0.936743	0.789946	 0 	-0.0673543	-0.474351	0.057048

0.95384	0.789946	 0 	-0.0444231	-0.400493	0.0594395

0.967939	0.789946	 0 	-0.0249648	-0.309065	0.0582141

0.979495	0.789946	 0 	-0.0114992	-0.214	0.0550562

0.988919	0.789946	 0 	-0.00388691	-0.123915	0.0513623

0.996573	0.789946	 0 	-0.000608734	-0.0430387	0.0488105

1.00343	0.789946	 0 	0.00148817	0.0374555	0.0488105

-0.00342678	0.828803	 0 	0.000809073	-0.015534	-0.0951615

0.00342678	0.828803	 0 	-0.000308328	0.0176507	-0.0951615

0.0110811	0.828803	 0 	-0.00207263	0.0512662	-0.0966144

0.0205051	0.828803	 0 	-0.00625063	0.0887857	-0.0987716

0.0320609	0.828803	 0 	-0.0137148	0.128492	-0.100732

0.0461598	0.828803	 0 	-0.0246638	0.167469	-0.101818

0.0632574	0.828803	 0 	-0.0382255	0.201849	-0.1014

0.083839	0.828803	 0 	-0.0520639	0.227645	-0.0989308

0.108396	0.828803	 0 	-0.0625212	0.24199	-0.0942488

0.137389	0.828803	 0 	-0.0655712	0.244172	-0.0878468

0.171197	0.828803	 0 	-0.0581902	0.235792	-0.0808802

0.210054	0.828803	 0 	-0.0393433	0.219945	-0.0748926

0.253981	0.828803	 0 	-0.0100837	0.199935	-0.0713955

0.30272	0.828803	 0 	0.0270259	0.178199	-0.0714886

0.355693	0.828803	 0 	0.0685874	0.155756	-0.0755997

0.411992	0.828803	 0 	0.110744	0.132167	-0.0832814

0.47042	0.828803	 0 	0.149288	0.105844	-0.0930069

0.52958	0.828803	 0 	0.179768	0.074601	-0.10208

0.588008	0.828803	 0 	0.197834	0.036263	-0.106935

0.644307	0.828803	 0 	0.199841	-0.0108978	-0.103993

0.69728	0.828803	 0 	0.183543	-0.0681478	-0.0908631

0.746019	0.828803	 0 	0.148764	-0.136724	-0.067311

0.789946	0.828803	 0 	0.0982161	-0.217864	-0.0354404

0.828803	0.828803	 0 	0.0387976	-0.310483	0.000920133

0.862611	0.828803	 0 	-0.0177418	-0.405999	0.0371106

0.891604	0.828803	 0 	-0.0578676	-0.48532	0.0685348

0.916161	0.828803	 0 	-0.0734947	-0.525354	0.0918261

0.936743	0.828803	 0 	-0.0671563	-0.512891	0.105936

0.95384	0.828803	 0 	-0.0490486	-0.452437	0.112122

0.967939	0.828803	 0 	-0.0294394	-0.360693	0.112731

0.979495	0.828803	 0 	-0.0142082	-0.255806	0.110011

0.988919	0.828803	 0 	-0.00500996	-0.151061	0.105981

0.996573	0.828803	 0 	-0.000840954	-0.054035	0.102986

1.00343	0.828803	 0 	0.00187315	0.0453797	0.102986

-0.00342678	0.862611	 0 	0.00144891	-0.0200006	-0.113084

0.00342678	0.862611	 0 	-0.000613855	0.0236002	-0.113084

0.0110811	0.862611	 0 	-0.00380583	0.0664044	-0.115507

0.0205051	0.862611	 0 	-0.0109705	0.112462	-0.118861

0.0320609	0.862611	 0 	-0.0230269	0.158369	-0.121384

0.0461598	0.862611	 0 	-0.0392984	0.199318	-0.121814

0.0632574	0.862611	 0 	-0.0570951	0.230131	-0.119242

0.083839	0.862611	 0 	-0.0717784	0.246947	-0.113252

0.108396	0.862611	 0 	-0.077896	0.248747	-0.104251

0.137389	0.862611	 0 	-0.0710949	0.237707	-0.093511

0.171197	0.862611	 0 	-0.0496421	0.21808	-0.0828544

0.210054	0.862611	 0 	-0.0146507	0.194412	-0.0741784

0.253981	0.862611	 0 	0.0308027	0.170152	-0.0690292

0.30272	0.862611	 0 	0.082816	0.147126	-0.068325

0.355693	0.862611	 0 	0.137384	0.125643	-0.0722174

0.411992	0.862611	 0 	0.190568	0.104819	-0.0799683

0.47042	0.862611	 0 	0.238342	0.082983	-0.0897789

0.52958	0.862611	 0 	0.276496	0.0581257	-0.0987044

0.588008	0.862611	 0 	0.300821	0.0283508	-0.102947

0.644307	0.862611	 0 	0.307644	-0.0078261	-0.098699

0.69728	0.862611	 0 	0.294471	-0.0515789	-0.083323

0.746019	0.862611	 0 	0.260501	-0.104428	-0.056307

0.789946	0.862611	 0 	0.20701	-0.169025	-0.0194615

0.828803	0.862611	 0 	0.138277	-0.248321	0.0236402

0.862611	0.862611	 0 	0.0634817	-0.340908	0.0684443

0.891604	0.862611	 0 	-0.00291757	-0.434252	0.110002

0.916161	0.862611	 0 	-0.046333	-0.504045	0.143774

0.936743	0.862611	 0 	-0.0608955	-0.525773	0.167013

0.95384	0.862611	 0 	-0.0530011	-0.490285	0.179697

0.967939	0.862611	 0 	-0.0352934	-0.407811	0.183909

0.979495	0.862611	 0 	-0.0182503	-0.29837	0.182427

0.988919	0.862611	 0 	-0.0068128	-0.180589	0.178176

0.996573	0.862611	 0 	-0.00124001	-0.0668589	0.174598

1.00343	0.862611	 0 	0.00247324	0.0538593	0.174598

-0.00342678	0.891604	 0 	0.00255329	-0.0265656	-0.140374

0.00342678	0.891604	 0 	-0.00123239	0.0331689	-0.140374

0.0110811	0.891604	 0 	-0.0069295	0.0890073	-0.144206

0.0205051	0.891604	 0 	-0.0187687	0.145688	-0.148896

0.0320609	0.891604	 0 	-0.0369609	0.196984	-0.151122

0.0461598	0.891604	 0 	-0.0584804	0.235823	-0.148848

0.0632574	0.891604	 0 	-0.0773865	0.256735	-0.141312

0.083839	0.891604	 0 	-0.0864366	0.258181	-0.129019

0.108396	0.891604	 0 	-0.0797599	0.243216	-0.113628

0.137389	0.891604	 0 	-0.0550579	0.217918	-0.0974559

0.171197	0.891604	 0 	-0.0138983	0.188675	-0.0828543

0.210054	0.891604	 0 	0.0396737	0.160152	-0.0717513

0.253981	0.891604	 0 	0.100866	0.134729	-0.0653979

0.30272	0.891604	 0 	0.165241	0.112951	-0.0643033

0.355693	0.891604	 0 	0.229012	0.0941962	-0.0682409

0.411992	0.891604	 0 	0.288807	0.0771563	-0.0761752

0.47042	0.891604	 0 	0.341262	0.0601631	-0.0860822

0.52958	0.891604	 0 	0.382769	0.0414732	-0.0948441

0.588008	0.891604	 0 	0.409593	0.0195543	-0.0985197

0.644307	0.891604	 0 	0.418372	-0.00674319	-0.0931568

0.69728	0.891604	 0 	0.406757	-0.0383351	-0.0759238

0.746019	0.891604	 0 	0.373813	-0.0765612	-0.0460002

0.789946	0.891604	 0 	0.320007	-0.124236	-0.00473736

0.828803	0.891604	 0 	0.247379	-0.186043	0.0448637

0.862611	0.891604	 0 	0.161231	-0.265924	0.0987912

0.891604	0.891604	 0 	0.0730241	-0.36011	0.152274

0.916161	0.891604	 0 	-0.000120901	-0.45041	0.19996

0.936743	0.891604	 0 	-0.0433352	-0.507673	0.237036

0.95384	0.891604	 0 	-0.0539764	-0.507877	0.261051

0.967939	0.891604	 0 	-0.0427218	-0.447238	0.272604

0.979495	0.891604	 0 	-0.0245846	-0.341611	0.274423

0.988919	0.891604	 0 	-0.00995719	-0.213824	0.270543

0.996573	0.891604	 0 	-0.00200164	-0.0827115	0.266264

1.00343	0.891604	 0 	0.00347617	0.0631969	0.266264

-0.00342678	0.916161	 0 	0.00442208	-0.0357875	-0.183805

0.00342678	0.916161	 0 	-0.00252853	0.0484387	-0.183805

0.0110811	0.916161	 0 	-0.0125659	0.121485	-0.189299

0.0205051	0.916161	 0 	-0.031101	0.189052	-0.194391

0.0320609	0.916161	 0 	-0.0556468	0.241106	-0.193292

0.0461598	0.916161	 0 	-0.0784852	0.269523	-0.183681

0.0632574	0.916161	 0 	-0.0897218	0.271857	-0.16641

0.083839	0.916161	 0 	-0.0815741	0.252442	-0.144219

0.108396	0.916161	 0 	-0.0514775	0.220043	-0.120524

0.137389	0.916161	 0 	-0.00218793	0.183721	-0.0984693

0.171197	0.916161	 0 	0.0605527	0.149776	-0.0803789

0.210054	0.916161	 0 	0.130631	0.121095	-0.0676351

0.253981	0.916161	 0 	0.20302	0.0980893	-0.0608056

0.30272	0.916161	 0 	0.27405	0.0798985	-0.0598329

0.355693	0.916161	 0 	0.341033	0.0651776	-0.0641107

0.411992	0.916161	 0 	0.401675	0.0524416	-0.0723733

0.47042	0.916161	 0 	0.453558	0.0401974	-0.0824588

0.52958	0.916161	 0 	0.493859	0.0270598	-0.091164

0.588008	0.916161	 0 	0.519487	0.0118942	-0.0944899

0.644307	0.916161	 0 	0.527593	-0.00610569	-0.088421

0.69728	0.916161	 0 	0.5162	-0.0275696	-0.0700007

0.746019	0.916161	 0 	0.484523	-0.0534942	-0.0381373

0.789946	0.916161	 0 	0.432694	-0.0862021	0.00632195

0.828803	0.916161	 0 	0.361251	-0.130279	0.0611619

0.862611	0.916161	 0 	0.27183	-0.191975	0.123392

0.891604	0.916161	 0 	0.170462	-0.274716	0.189236

0.916161	0.916161	 0 	0.0713481	-0.370757	0.253581

0.936743	0.916161	 0 	-0.00549684	-0.45592	0.310068

0.95384	0.916161	 0 	-0.0454097	-0.497353	0.352893

0.967939	0.916161	 0 	-0.0497343	-0.472786	0.379093

0.979495	0.916161	 0 	-0.0339808	-0.384085	0.389377

0.988919	0.916161	 0 	-0.0155313	-0.252545	0.388201

0.996573	0.916161	 0 	-0.00354119	-0.103795	0.3836

1.00343	0.916161	 0 	0.00512693	0.0737416	0.3836

-0.00342678	0.936743	 0 	0.00737374	-0.0479776	-0.254585

0.00342678	0.936743	 0 	-0.00527354	0.072855	-0.254585

0.0110811	0.936743	 0 	-0.0224598	0.166043	-0.260679

0.0205051	0.936743	 0 	-0.0487789	0.239846	-0.261716

0.0320609	0.936743	 0 	-0.0753224	0.281662	-0.249458

0.0461598	0.936743	 0 	-0.0880958	0.287503	-0.223997

0.0632574	0.936743	 0 	-0.0763288	0.2638	-0.190573

0.083839	0.936743	 0 	-0.0375743	0.223376	-0.155164

0.108396	0.936743	 0 	0.0230585	0.179038	-0.122495

0.137389	0.936743	 0 	0.097073	0.139164	-0.0954566

0.171197	0.936743	 0 	0.176502	0.107096	-0.0752753

0.210054	0.936743	 0 	0.255694	0.0828295	-0.0621186

0.253981	0.936743	 0 	0.331287	0.0649073	-0.0556462

0.30272	0.936743	 0 	0.401433	0.051588	-0.0552721

0.355693	0.936743	 0 	0.464981	0.0412992	-0.0601325

0.411992	0.936743	 0 	0.520833	0.0326966	-0.06885

0.47042	0.936743	 0 	0.567497	0.0246173	-0.07922

0.52958	0.936743	 0 	0.602915	0.0160746	-0.0880292

0.588008	0.936743	 0 	0.624647	0.00630852	-0.0912828

0.644307	0.936743	 0 	0.630413	-0.00519093	-0.0849591

0.69728	0.936743	 0 	0.618685	-0.0188109	-0.0660398

0.746019	0.936743	 0 	0.588936	-0.035208	-0.0332448

0.789946	0.936743	 0 	0.541223	-0.0560226	0.0129881

0.828803	0.936743	 0 	0.475294	-0.0848075	0.0711895

0.862611	0.936743	 0 	0.390265	-0.127536	0.139584

0.891604	0.936743	 0 	0.286723	-0.191007	0.216116

0.916161	0.936743	 0 	0.171879	-0.277064	0.297436

0.936743	0.936743	 0 	0.0635709	-0.373693	0.377605

0.95384	0.936743	 0 	-0.014767	-0.451242	0.448277

0.967939	0.936743	 0 	-0.0488991	-0.473612	0.501163

0.979495	0.936743	 0 	-0.0451313	-0.419981	0.531248

0.988919	0.936743	 0 	-0.0247504	-0.297502	0.540015

0.996573	0.936743	 0 	-0.0066305	-0.133517	0.537575

1.00343	0.936743	 0 	0.00747127	0.0853843	0.537575

-0.00342678	0.95384	 0 	0.0109815	-0.062209	-0.371276

0.00342678	0.95384	 0 	-0.0106861	0.111275	-0.371276

0.0110811	0.95384	 0 	-0.0377421	0.222054	-0.372133

0.0205051	0.95384	 0 	-0.0678322	0.287844	-0.355659

0.0320609	0.95384	 0 	-0.0819999	0.301807	-0.316184

0.0461598	0.95384	 0 	-0.0643798	0.274461	-0.262753

0.0632574	0.95384	 0 	-0.012893	0.225404	-0.207264

0.083839	0.95384	 0 	0.0631665	0.17273	-0.15774

0.108396	0.95384	 0 	0.151123	0.127243	-0.117928

0.137389	0.95384	 0 	0.240649	0.0924704	-0.0883978

0.171197	0.95384	 0 	0.325618	0.0676263	-0.0681378

0.210054	0.95384	 0 	0.403381	0.0503985	-0.0558308

0.253981	0.95384	 0 	0.47328	0.0384629	-0.0503852

0.30272	0.95384	 0 	0.535447	0.0299922	-0.0509219

0.355693	0.95384	 0 	0.590068	0.0236566	-0.0565011

0.411992	0.95384	 0 	0.636957	0.0184688	-0.0657505

0.47042	0.95384	 0 	0.675314	0.013652	-0.0764953

0.52958	0.95384	 0 	0.703682	0.00858728	-0.0855608

0.588008	0.95384	 0 	0.7202	0.0028213	-0.0889902

0.644307	0.95384	 0 	0.723118	-0.00393379	-0.0827858

0.69728	0.95384	 0 	0.711333	-0.0118904	-0.0639113

0.746019	0.95384	 0 	0.684564	-0.0214373	-0.0309838

0.789946	0.95384	 0 	0.642896	-0.0335958	0.0158083

0.828803	0.95384	 0 	0.585781	-0.0506958	0.0754999

0.862611	0.95384	 0 	0.51113	-0.0771262	0.147302

0.891604	0.95384	 0 	0.415887	-0.119487	0.231004

0.916161	0.95384	 0 	0.299772	-0.184499	0.326197

0.936743	0.95384	 0 	0.171948	-0.272556	0.430187

0.95384	0.95384	 0 	0.0548551	-0.36808	0.535711

0.967939	0.95384	 0 	-0.0237262	-0.436069	0.63067

0.979495	0.95384	 0 	-0.0499647	-0.435562	0.701095

0.988919	0.95384	 0 	-0.0367891	-0.344617	0.737859

0.996573	0.95384	 0 	-0.0121758	-0.175678	0.746318

1.00343	0.95384	 0 	0.00926037	0.0963073	0.746318

-0.00342678	0.967939	 0 	0.0111942	-0.0740015	-0.560721

0.00342678	0.967939	 0 	-0.0191812	0.167204	-0.560721

0.0110811	0.967939	 0 	-0.0532014	0.279077	-0.537546

0.0205051	0.967939	 0 	-0.0697004	0.310584	-0.47251

0.0320609	0.967939	 0 	-0.0442145	0.280683	-0.380729

0.0461598	0.967939	 0 	0.0249679	0.222349	-0.287984

0.0632574	0.967939	 0 	0.121207	0.161721	-0.209482

0.083839	0.967939	 0 	0.225606	0.11199	-0.149698

0.108396	0.967939	 0 	0.32534	0.0761846	-0.107252

0.137389	0.967939	 0 	0.414452	0.052193	-0.0785114

0.171197	0.967939	 0 	0.491704	0.0366169	-0.0600333

0.210054	0.967939	 0 	0.558108	0.0265282	-0.0494602

0.253981	0.967939	 0 	0.615278	0.019862	-0.0454001

0.30272	0.967939	 0 	0.664624	0.0152789	-0.0469685

0.355693	0.967939	 0 	0.707047	0.0119178	-0.0533014

0.411992	0.967939	 0 	0.742822	0.00919134	-0.0631081

0.47042	0.967939	 0 	0.771549	0.00666308	-0.0742847

0.52958	0.967939	 0 	0.792204	0.00399954	-0.0837173

0.588008	0.967939	 0 	0.803409	0.000966062	-0.0875002

0.644307	0.967939	 0 	0.803882	-0.00257839	-0.0816696

0.69728	0.967939	 0 	0.792877	-0.00673573	-0.0631948

0.746019	0.967939	 0 	0.77029	-0.0117102	-0.0306551

0.789946	0.967939	 0 	0.736236	-0.0180613	0.0158623

0.828803	0.967939	 0 	0.690147	-0.0270993	0.0756085

0.862611	0.967939	 0 	0.629726	-0.0414535	0.148299

0.891604	0.967939	 0 	0.550518	-0.0657118	0.234985

0.916161	0.967939	 0 	0.44739	-0.106586	0.338126

0.936743	0.967939	 0 	0.319446	-0.170934	0.46021

0.95384	0.967939	 0 	0.177964	-0.258829	0.60034

0.967939	0.967939	 0 	0.0510028	-0.352178	0.749864

0.979495	0.967939	 0 	-0.0269186	-0.409242	0.889405

0.988919	0.967939	 0 	-0.0423465	-0.378231	0.990394

0.996573	0.967939	 0 	-0.0193244	-0.230441	1.03279

1.00343	0.967939	 0 	0.00471159	0.100588	1.03279

-0.00342678	0.979495	 0 	-0.0086283	-0.0725962	-0.849496

0.00342678	0.979495	 0 	-0.0238128	0.232451	-0.849496

0.0110811	0.979495	 0 	-0.041733	0.306372	-0.755365

0.0205051	0.979495	 0 	-0.00804905	0.278188	-0.588274

0.0320609	0.979495	 0 	0.0842714	0.209954	-0.419532

0.0461598	0.979495	 0 	0.205981	0.142609	-0.286969

0.0632574	0.979495	 0 	0.328127	0.0913368	-0.193966

0.083839	0.979495	 0 	0.435954	0.0572432	-0.132366

0.108396	0.979495	 0 	0.525494	0.0362037	-0.0927296

0.137389	0.979495	 0 	0.59817	0.0236039	-0.0675192

0.171197	0.979495	 0 	0.657222	0.0160415	-0.0519597

0.210054	0.979495	 0 	0.705853	0.0113934	-0.0434999

0.253981	0.979495	 0 	0.74655	0.008423	-0.0409035

0.30272	0.979495	 0 	0.781006	0.00642083	-0.0434852

0.355693	0.979495	 0 	0.810205	0.00496565	-0.0505397

0.411992	0.979495	 0 	0.834504	0.00378435	-0.0608911

0.47042	0.979495	 0 	0.853686	0.00268027	-0.0725209

0.52958	0.979495	 0 	0.867047	0.00150696	-0.0823819

0.588008	0.979495	 0 	0.873625	0.000165033	-0.0866196

0.644307	0.979495	 0 	0.872547	-0.00140169	-0.0813041

0.69728	0.979495	 0 	0.863348	-0.00323342	-0.0634199

0.746019	0.979495	 0 	0.846022	-0.00542131	-0.0315478

0.789946	0.979495	 0 	0.820684	-0.00822421	0.0142241

0.828803	0.979495	 0 	0.786862	-0.012256	0.0731404

0.862611	0.979495	 0 	0.742623	-0.0187918	0.144961

0.891604	0.979495	 0 	0.68381	-0.030259	0.231115

0.916161	0.979495	 0 	0.603958	-0.050945	0.335629

0.936743	0.979495	 0 	0.495981	-0.0875568	0.46549

0.95384	0.979495	 0 	0.357425	-0.147767	0.629211

0.967939	0.979495	 0 	0.200598	-0.23287	0.831955

0.979495	0.979495	 0 	0.062222	-0.323294	1.06536

0.988919	0.979495	 0 	-0.0118225	-0.365749	1.28631

0.996573	0.979495	 0 	-0.0181865	-0.283073	1.41258

1.00343	0.979495	 0 	-0.025334	0.0858064	1.41258

-0.00342678	0.988919	 0 	-0.106118	-0.0460342	-1.23146

0.00342678	0.988919	 0 	0.0189505	0.259876	-1.23146

0.0110811	0.988919	 0 	0.0738173	0.25362	-0.978542

0.0205051	0.988919	 0 	0.190053	0.181404	-0.65821

0.0320609	0.988919	 0 	0.339057	0.112669	-0.414057

0.0461598	0.988919	 0 	0.476079	0.0649068	-0.259442

0.0632574	0.988919	 0 	0.584718	0.0362638	-0.166645

0.083839	0.988919	 0 	0.666328	0.0204691	-0.111396

0.108396	0.988919	 0 	0.727116	0.0120436	-0.0780299

0.137389	0.988919	 0 	0.77309	0.00750693	-0.0574381

0.171197	0.988919	 0 	0.808832	0.00497185	-0.0449535

0.210054	0.988919	 0 	0.83748	0.00348114	-0.0384821

0.253981	0.988919	 0 	0.861055	0.00255193	-0.0371818

0.30272	0.988919	 0 	0.880792	0.00193249	-0.0406355

0.355693	0.988919	 0 	0.897362	0.00148203	-0.048309

0.411992	0.988919	 0 	0.911003	0.00111187	-0.0591387

0.47042	0.988919	 0 	0.921576	0.000759004	-0.071186

0.52958	0.988919	 0 	0.928645	0.000377328	-0.0814638

0.588008	0.988919	 0 	0.931623	-6.31253e-05	-0.0861614

0.644307	0.988919	 0 	0.929999	-0.000577773	-0.0813768

0.69728	0.988919	 0 	0.923527	-0.00117773	-0.0641106

0.746019	0.988919	 0 	0.912238	-0.00189387	-0.0329629

0.789946	0.988919	 0 	0.896208	-0.00281744	0.0119279

0.828803	0.988919	 0 	0.875106	-0.00416584	0.069686

0.862611	0.988919	 0 	0.847612	-0.00640052	0.139849

0.891604	0.988919	 0 	0.810773	-0.0104546	0.223585

0.916161	0.988919	 0 	0.75938	-0.0181913	0.325019

0.936743	0.988919	 0 	0.685574	-0.0332449	0.452988

0.95384	0.988919	 0 	0.579553	-0.0620068	0.622972

0.967939	0.988919	 0 	0.434526	-0.112806	0.857446

0.979495	0.988919	 0 	0.263509	-0.188932	1.17843

0.988919	0.988919	 0 	0.118581	-0.270458	1.56515

0.996573	0.988919	 0 	0.0362783	-0.281897	1.86051

1.00343	0.988919	 0 	-0.138074	0.0426578	1.86051

-0.00342678	0.996573	 0 	-0.463621	-0.0188955	-1.57991

0.00342678	0.996573	 0 	0.300075	0.138984	-1.57991

0.0110811	0.996573	 0 	0.429787	0.105646	-1.10537

0.0205051	0.996573	 0 	0.577817	0.0598992	-0.663078

0.0320609	0.996573	 0 	0.70779	0.0302019	-0.385085

0.0461598	0.996573	 0 	0.796484	0.0142672	-0.229829

0.0632574	0.996573	 0 	0.852152	0.00660852	-0.144633

0.083839	0.996573	 0 	0.887371	0.00317804	-0.096737

0.108396	0.996573	 0 	0.910734	0.00166089	-0.0685429

0.137389	0.996573	 0 	0.927183	0.0009609	-0.0512151

0.171197	0.996573	 0 	0.939463	0.000611388	-0.0407295

0.210054	0.996573	 0 	0.949097	0.000419858	-0.035493

0.253981	0.996573	 0 	0.956933	0.000304606	-0.0349789

0.30272	0.996573	 0 	0.96344	0.000228295	-0.0389569

0.355693	0.996573	 0 	0.96885	0.000171668	-0.0470041

0.411992	0.996573	 0 	0.973228	0.000122883	-0.0581276

0.47042	0.996573	 0 	0.976492	7.34846e-05	-0.0704383

0.52958	0.996573	 0 	0.978455	1.74271e-05	-0.0809865

0.588008	0.996573	 0 	0.978885	-4.8805e-05	-0.0859874

0.644307	0.996573	 0 	0.977594	-0.000126494	-0.081555

0.69728	0.996573	 0 	0.974506	-0.000216679	-0.0647002

0.746019	0.996573	 0 	0.969648	-0.000324538	-0.0340399

0.789946	0.996573	 0 	0.963041	-0.000466386	0.0102418

0.828803	0.996573	 0 	0.954505	-0.000681123	0.0671598

0.862611	0.996573	 0 	0.943415	-0.00105341	0.136033

0.891604	0.996573	 0 	0.928361	-0.00176726	0.217662

0.916161	0.996573	 0 	0.906636	-0.00323869	0.31571

0.936743	0.996573	 0 	0.873332	-0.0064318	0.438913

0.95384	0.996573	 0 	0.819911	-0.0134922	0.604794

0.967939	0.996573	 0 	0.733198	-0.0285178	0.844639

0.979495	0.996573	 0 	0.601937	-0.0574647	1.20489

0.988919	0.996573	 0 	0.448134	-0.104115	1.7157

0.996573	0.996573	 0 	0.309276	-0.140902	2.22975

1.00343	0.996573	 0 	-0.486436	0.0136486	2.22975

-0.00342678	1.00343	 0 	2.46362	0.0188955	-1.57991

0.00342678	1.00343	 0 	1.53638	-0.0188955	-1.57991

0.0110811	1.00343	 0 	1.30179	-0.0619368	-1.10537

0.0205051	1.00343	 0 	1.25052	-0.0582216	-0.663078

0.0320609	1.00343	 0 	1.20777	-0.0401869	-0.385085

0.0461598	1.00343	 0 	1.16498	-0.0244729	-0.229829

0.0632574	1.00343	 0 	1.13019	-0.0141946	-0.144633

0.083839	1.00343	 0 	1.1042	-0.00823016	-0.096737

0.108396	1.00343	 0 	1.08502	-0.00493048	-0.0685429

0.137389	1.00343	 0 	1.0706	-0.00310559	-0.0512151

0.171197	1.00343	 0 	1.05945	-0.00206713	-0.0407295

0.210054	1.00343	 0 	1.05056	-0.00145004	-0.035493

0.253981	1.00343	 0 	1.04325	-0.00106383	-0.0349789

0.30272	1.00343	 0 	1.03715	-0.000806818	-0.0389569

0.355693	1.00343	 0 	1.03203	-0.000621407	-0.0470041

0.411992	1.00343	 0 	1.02779	-0.000471379	-0.0581276

0.47042	1.00343	 0 	1.02448	-0.000331143	-0.0704383

0.52958	1.00343	 0 	1.02221	-0.000181907	-0.0809865

0.588008	1.00343	 0 	1.02114	-1.11493e-05	-0.0859874

0.644307	1.00343	 0 	1.02143	0.000187916	-0.081555

0.69728	1.00343	 0 	1.02316	0.000419878	-0.0647002

0.746019	1.00343	 0 	1.02631	0.000695715	-0.0340399

0.789946	1.00343	 0 	1.03085	0.0010475	0.0102418

0.828803	1.00343	 0 	1.03684	0.00155176	0.0671598

0.862611	1.00343	 0 	1.0446	0.00236857	0.136033

0.891604	1.00343	 0 	1.05486	0.0038086	0.217662

0.916161	1.00343	 0 	1.06886	0.0064472	0.31571

0.936743	1.00343	 0 	1.08831	0.0112825	0.438913

0.95384	1.00343	 0 	1.11506	0.0197571	0.604794

0.967939	1.00343	 0 	1.14985	0.0329316	0.844639

0.979495	1.00343	 0 	1.19047	0.0483446	1.20489

0.988919	1.00343	 0 	1.25182	0.0522277	1.7157

0.996573	1.00343	 0 	1.51356	0.0136486	2.22975

1.00343	1.00343	 0 	2.48644	-0.0136486	2.22975

