0
0.00324564927421378
0.00685355260084508
0.0108610552972884
0.0153086106625229
0.0202398575860572
0.0257016499112885
0.0317440228761919
0.0384200797064826
0.0457857792707009
0.0538996038124112
0.0628220844071506
0.072615161278456
0.0833413568481423
0.0950627418532118
0.107839679534926
0.121729340287085
0.136783989657256
0.153049066474468
0.170561085092725
0.189345415841999
0.209414019783978
0.230763236176217
0.253371741421128
0.277198813946215
0.30218304736557
0.328241651443243
0.355270464465636
0.383144770472443
0.411720970945242
0.440839105598588
0.470326155487831
0.5
0.529673844512169
0.559160894401412
0.588279029054758
0.616855229527557
0.644729535534364
0.671758348556757
0.69781695263443
0.722801186053785
0.746628258578872
0.769236763823783
0.790585980216022
0.810654584158001
0.829438914907275
0.846950933525532
0.863216010342744
0.878270659712915
0.892160320465074
0.904937258146788
0.916658643151858
0.927384838721544
0.937177915592849
0.946100396187589
0.954214220729299
0.961579920293517
0.968255977123808
0.974298350088711
0.979760142413943
0.984691389337477
0.989138944702712
0.993146447399155
0.996754350725786
1
